# epochs mean_loss std_loss mean_test_loss std_test_loss mean_loss_grad std_loss_grad mean_test_loss_grad std_test_loss_grad
0.000000 13.752509 0.020483 13.777705 0.020206 13.765387 0.010141 13.791074 0.010261
1.000000 12.168147 0.079411 12.182458 0.080375 12.373362 0.109969 12.391429 0.111124
2.000000 8.324329 0.194722 8.313012 0.197766 6.886024 0.306488 6.881833 0.309176
3.000000 3.990661 0.539357 3.988589 0.544166 2.842754 0.815198 2.842738 0.818246
4.000000 3.583611 0.778475 3.583790 0.782499 1.987475 1.067736 1.987850 1.067757
5.000000 2.511256 0.422505 2.515259 0.428753 1.907968 0.352104 1.903876 0.350451
6.000000 1.553230 0.227355 1.556645 0.228480 2.152544 0.320825 2.152905 0.316053
7.000000 1.624645 0.210423 1.627413 0.212225 1.312761 0.338725 1.314068 0.333621
8.000000 1.801805 0.291557 1.803237 0.290162 1.065157 0.260213 1.065959 0.258793
9.000000 1.717132 0.270230 1.717377 0.266778 0.914331 0.321859 0.917932 0.320636
10.000000 1.386126 0.193366 1.385655 0.190308 0.691210 0.164697 0.693121 0.164385
11.000000 0.987296 0.109036 0.986257 0.108168 0.603468 0.124661 0.605004 0.125375
12.000000 0.711686 0.072562 0.710507 0.071141 0.435732 0.114609 0.436856 0.115577
13.000000 0.647008 0.075137 0.645400 0.074090 0.361295 0.067444 0.361507 0.066768
14.000000 0.666746 0.097799 0.664020 0.097745 0.363298 0.081023 0.363296 0.080707
15.000000 0.618086 0.132613 0.615209 0.131963 0.300494 0.091457 0.301110 0.091227
16.000000 0.497261 0.096555 0.495526 0.097020 0.287346 0.048590 0.288875 0.048288
17.000000 0.390550 0.037367 0.389843 0.038061 0.270402 0.068199 0.272017 0.069226
18.000000 0.344195 0.052120 0.344037 0.050425 0.218953 0.068366 0.219689 0.068880
19.000000 0.340558 0.038587 0.341230 0.037880 0.186087 0.060215 0.186161 0.059825
20.000000 0.347904 0.051195 0.349730 0.051036 0.165259 0.040354 0.165459 0.040136
21.000000 0.341515 0.072035 0.343946 0.071706 0.166953 0.039599 0.167589 0.039639
22.000000 0.304699 0.065758 0.306815 0.065778 0.173012 0.033918 0.173828 0.034236
23.000000 0.247366 0.042005 0.248861 0.042713 0.148490 0.018779 0.149006 0.018725
24.000000 0.199967 0.024025 0.201089 0.025269 0.114998 0.020079 0.115185 0.020228
25.000000 0.178074 0.014078 0.178837 0.014708 0.107401 0.026330 0.107282 0.026018
26.000000 0.174905 0.011650 0.174982 0.011413 0.119958 0.024491 0.119746 0.024601
27.000000 0.176735 0.026390 0.176012 0.025998 0.113323 0.018620 0.113442 0.018930
28.000000 0.170126 0.026057 0.168976 0.025680 0.090031 0.017230 0.090381 0.017160
29.000000 0.151105 0.019297 0.150088 0.018947 0.080812 0.013058 0.081051 0.012786
30.000000 0.129024 0.015403 0.128468 0.015119 0.083474 0.024969 0.083546 0.024682
31.000000 0.114649 0.011168 0.114544 0.011217 0.080168 0.010141 0.080193 0.009850
32.000000 0.111869 0.009475 0.112034 0.009833 0.071984 0.012421 0.072070 0.012345
33.000000 0.114671 0.011297 0.114915 0.011366 0.062286 0.012008 0.062452 0.012174
34.000000 0.111932 0.014109 0.112140 0.013846 0.061773 0.014099 0.061955 0.014065
35.000000 0.100107 0.012556 0.100250 0.012233 0.062309 0.010385 0.062495 0.010313
36.000000 0.084933 0.010729 0.084997 0.010432 0.053110 0.007097 0.053339 0.006822
37.000000 0.072748 0.007694 0.072670 0.007439 0.047598 0.008160 0.047868 0.008148
38.000000 0.067107 0.005005 0.066845 0.004947 0.047537 0.008667 0.047730 0.008416
39.000000 0.067590 0.007725 0.067235 0.007698 0.044349 0.007835 0.044417 0.007579
40.000000 0.068238 0.006871 0.067969 0.006740 0.040179 0.004186 0.040241 0.004116
41.000000 0.064101 0.005985 0.064031 0.005792 0.038199 0.007036 0.038301 0.007013
42.000000 0.057623 0.006546 0.057727 0.006384 0.035853 0.006043 0.035966 0.005917
43.000000 0.052163 0.005940 0.052326 0.005837 0.033559 0.004725 0.033662 0.004712
44.000000 0.048008 0.003708 0.048149 0.003557 0.032363 0.004892 0.032405 0.004979
45.000000 0.045705 0.004957 0.045829 0.004845 0.031209 0.005332 0.031187 0.005235
46.000000 0.044704 0.004783 0.044854 0.004744 0.028393 0.003950 0.028341 0.003971
47.000000 0.043173 0.003415 0.043353 0.003445 0.026987 0.003690 0.026918 0.003639
48.000000 0.040768 0.004102 0.040934 0.004154 0.025501 0.003339 0.025416 0.003235
49.000000 0.037860 0.004275 0.037978 0.004295 0.024193 0.003482 0.024127 0.003429
50.000000 0.034999 0.002677 0.035063 0.002585 0.022712 0.002887 0.022697 0.002868
51.000000 0.033092 0.002365 0.033120 0.002249 0.022673 0.002846 0.022726 0.002888
52.000000 0.031725 0.002714 0.031750 0.002630 0.021439 0.002960 0.021511 0.003023
53.000000 0.030191 0.002937 0.030239 0.002865 0.019000 0.002100 0.019033 0.002150
54.000000 0.028642 0.003021 0.028704 0.002966 0.019056 0.002495 0.019039 0.002568
55.000000 0.027044 0.002537 0.027099 0.002490 0.019531 0.002562 0.019493 0.002580
56.000000 0.025806 0.002029 0.025850 0.002007 0.017833 0.001934 0.017809 0.001906
57.000000 0.025013 0.002101 0.025066 0.002110 0.015692 0.001656 0.015663 0.001665
58.000000 0.023980 0.002047 0.024054 0.002023 0.016055 0.002512 0.016006 0.002511
59.000000 0.022744 0.002435 0.022840 0.002402 0.016131 0.002069 0.016081 0.002097
60.000000 0.021612 0.002237 0.021722 0.002247 0.015013 0.001814 0.014980 0.001835
61.000000 0.020789 0.001769 0.020910 0.001796 0.014062 0.001705 0.014024 0.001717
62.000000 0.020143 0.001659 0.020275 0.001648 0.013896 0.002048 0.013835 0.002063
63.000000 0.019441 0.001572 0.019582 0.001551 0.013763 0.001774 0.013697 0.001811
64.000000 0.018762 0.001649 0.018909 0.001642 0.013043 0.001694 0.012997 0.001745
65.000000 0.017905 0.001750 0.018054 0.001741 0.012504 0.001689 0.012487 0.001747
66.000000 0.017183 0.001494 0.017333 0.001487 0.012057 0.001870 0.012054 0.001918
67.000000 0.016691 0.001365 0.016842 0.001361 0.011976 0.001669 0.011983 0.001701
68.000000 0.016124 0.001488 0.016276 0.001484 0.011426 0.001607 0.011439 0.001624
69.000000 0.015683 0.001608 0.015840 0.001616 0.011048 0.001650 0.011055 0.001667
70.000000 0.015145 0.001595 0.015308 0.001620 0.010790 0.001501 0.010783 0.001503
71.000000 0.014562 0.001447 0.014725 0.001475 0.010431 0.001518 0.010426 0.001519
72.000000 0.014107 0.001266 0.014275 0.001290 0.010118 0.001561 0.010125 0.001570
73.000000 0.013664 0.001303 0.013845 0.001318 0.009873 0.001485 0.009881 0.001494
74.000000 0.013298 0.001381 0.013489 0.001385 0.009614 0.001396 0.009614 0.001396
75.000000 0.012972 0.001369 0.013158 0.001369 0.009336 0.001504 0.009330 0.001496
76.000000 0.012577 0.001334 0.012750 0.001332 0.009062 0.001441 0.009061 0.001440
77.000000 0.012168 0.001242 0.012333 0.001239 0.008833 0.001365 0.008840 0.001367
78.000000 0.011851 0.001247 0.012016 0.001241 0.008732 0.001372 0.008744 0.001382
79.000000 0.011559 0.001267 0.011723 0.001258 0.008389 0.001407 0.008410 0.001418
80.000000 0.011271 0.001246 0.011429 0.001237 0.008138 0.001316 0.008167 0.001330
81.000000 0.010963 0.001207 0.011111 0.001198 0.008012 0.001356 0.008044 0.001365
82.000000 0.010671 0.001164 0.010811 0.001151 0.007864 0.001309 0.007899 0.001317
83.000000 0.010416 0.001162 0.010553 0.001144 0.007580 0.001288 0.007619 0.001290
84.000000 0.010189 0.001167 0.010326 0.001142 0.007457 0.001308 0.007500 0.001310
85.000000 0.009947 0.001163 0.010086 0.001135 0.007266 0.001277 0.007311 0.001282
86.000000 0.009676 0.001151 0.009818 0.001127 0.007116 0.001249 0.007163 0.001257
87.000000 0.009454 0.001117 0.009598 0.001096 0.006939 0.001278 0.006984 0.001291
88.000000 0.009256 0.001095 0.009402 0.001075 0.006782 0.001247 0.006823 0.001265
89.000000 0.009062 0.001096 0.009209 0.001073 0.006648 0.001235 0.006690 0.001256
90.000000 0.008858 0.001090 0.009005 0.001069 0.006499 0.001238 0.006545 0.001255
91.000000 0.008657 0.001079 0.008804 0.001061 0.006354 0.001225 0.006402 0.001241
92.000000 0.008474 0.001048 0.008621 0.001032 0.006218 0.001220 0.006264 0.001235
93.000000 0.008302 0.001043 0.008448 0.001027 0.006085 0.001215 0.006130 0.001231
94.000000 0.008128 0.001043 0.008274 0.001024 0.005962 0.001205 0.006008 0.001219
95.000000 0.007962 0.001031 0.008108 0.001010 0.005842 0.001201 0.005887 0.001214
96.000000 0.007799 0.001004 0.007944 0.000983 0.005720 0.001198 0.005766 0.001213
97.000000 0.007647 0.000984 0.007790 0.000964 0.005605 0.001191 0.005655 0.001209
98.000000 0.007496 0.000983 0.007642 0.000964 0.005491 0.001185 0.005541 0.001207
99.000000 0.007346 0.000976 0.007494 0.000957 0.005389 0.001175 0.005438 0.001198
100.000000 0.007203 0.000966 0.007352 0.000946 0.005278 0.001166 0.005326 0.001185
101.000000 0.007070 0.000950 0.007220 0.000929 0.005180 0.001161 0.005230 0.001177
102.000000 0.006939 0.000936 0.007089 0.000912 0.005082 0.001159 0.005134 0.001174
103.000000 0.006811 0.000927 0.006961 0.000900 0.004990 0.001141 0.005042 0.001156
104.000000 0.006681 0.000918 0.006829 0.000889 0.004893 0.001142 0.004946 0.001157
105.000000 0.006560 0.000907 0.006707 0.000875 0.004805 0.001134 0.004855 0.001147
106.000000 0.006447 0.000892 0.006595 0.000861 0.004718 0.001123 0.004766 0.001134
107.000000 0.006332 0.000882 0.006479 0.000853 0.004635 0.001120 0.004683 0.001131
108.000000 0.006218 0.000874 0.006364 0.000847 0.004550 0.001112 0.004599 0.001124
109.000000 0.006112 0.000865 0.006257 0.000839 0.004474 0.001105 0.004524 0.001117
110.000000 0.006010 0.000852 0.006154 0.000825 0.004398 0.001100 0.004448 0.001111
111.000000 0.005906 0.000840 0.006049 0.000813 0.004321 0.001092 0.004370 0.001103
112.000000 0.005803 0.000830 0.005944 0.000801 0.004251 0.001086 0.004301 0.001098
113.000000 0.005706 0.000821 0.005846 0.000793 0.004179 0.001079 0.004229 0.001091
114.000000 0.005614 0.000811 0.005753 0.000783 0.004110 0.001074 0.004160 0.001085
115.000000 0.005522 0.000800 0.005661 0.000773 0.004046 0.001067 0.004098 0.001077
116.000000 0.005431 0.000790 0.005570 0.000763 0.003981 0.001060 0.004033 0.001070
117.000000 0.005343 0.000781 0.005481 0.000754 0.003918 0.001055 0.003968 0.001065
118.000000 0.005259 0.000771 0.005396 0.000746 0.003858 0.001048 0.003906 0.001057
119.000000 0.005176 0.000761 0.005312 0.000736 0.003799 0.001042 0.003848 0.001052
120.000000 0.005094 0.000751 0.005230 0.000725 0.003740 0.001036 0.003790 0.001046
121.000000 0.005014 0.000742 0.005149 0.000716 0.003685 0.001029 0.003736 0.001039
122.000000 0.004937 0.000733 0.005071 0.000707 0.003632 0.001022 0.003682 0.001032
123.000000 0.004863 0.000723 0.004996 0.000698 0.003578 0.001015 0.003626 0.001025
124.000000 0.004789 0.000714 0.004922 0.000688 0.003527 0.001008 0.003575 0.001019
125.000000 0.004716 0.000705 0.004849 0.000679 0.003478 0.001001 0.003525 0.001012
126.000000 0.004646 0.000696 0.004777 0.000670 0.003429 0.000993 0.003477 0.001004
127.000000 0.004578 0.000687 0.004707 0.000661 0.003382 0.000986 0.003429 0.000996
128.000000 0.004511 0.000677 0.004639 0.000653 0.003335 0.000978 0.003383 0.000989
129.000000 0.004445 0.000668 0.004572 0.000644 0.003291 0.000970 0.003338 0.000982
130.000000 0.004380 0.000660 0.004507 0.000635 0.003247 0.000963 0.003294 0.000975
131.000000 0.004318 0.000651 0.004444 0.000627 0.003204 0.000954 0.003251 0.000967
132.000000 0.004257 0.000642 0.004382 0.000618 0.003163 0.000946 0.003210 0.000959
133.000000 0.004197 0.000634 0.004321 0.000610 0.003124 0.000937 0.003170 0.000951
134.000000 0.004138 0.000625 0.004262 0.000602 0.003089 0.000927 0.003136 0.000941
135.000000 0.004081 0.000617 0.004204 0.000594 0.003062 0.000914 0.003107 0.000930
136.000000 0.004025 0.000608 0.004147 0.000586 0.003057 0.000895 0.003105 0.000909
137.000000 0.003970 0.000600 0.004090 0.000578 0.003103 0.000878 0.003147 0.000895
138.000000 0.003916 0.000592 0.004036 0.000570 0.003284 0.000954 0.003338 0.000976
139.000000 0.003864 0.000583 0.003983 0.000562 0.003723 0.001534 0.003764 0.001537
140.000000 0.003812 0.000575 0.003931 0.000554 0.004684 0.003523 0.004752 0.003574
141.000000 0.003762 0.000567 0.003879 0.000546 0.005968 0.006805 0.006020 0.006822
142.000000 0.003712 0.000559 0.003829 0.000538 0.006919 0.009179 0.007012 0.009290
143.000000 0.003664 0.000552 0.003780 0.000531 0.006923 0.008178 0.006971 0.008174
144.000000 0.003617 0.000544 0.003732 0.000523 0.007335 0.011683 0.007411 0.011733
145.000000 0.003571 0.000536 0.003684 0.000516 0.010612 0.022516 0.010691 0.022593
146.000000 0.003526 0.000528 0.003638 0.000509 0.016981 0.038144 0.017076 0.038272
147.000000 0.003481 0.000521 0.003593 0.000501 0.010376 0.017809 0.010451 0.017854
148.000000 0.003438 0.000513 0.003549 0.000494 0.003501 0.001463 0.003536 0.001446
149.000000 0.003395 0.000506 0.003506 0.000487 0.005545 0.007900 0.005607 0.007949
150.000000 0.003354 0.000499 0.003463 0.000480 0.008199 0.013637 0.008223 0.013558
151.000000 0.003313 0.000492 0.003421 0.000473 0.005120 0.005169 0.005185 0.005222
152.000000 0.003273 0.000485 0.003380 0.000466 0.003202 0.001331 0.003248 0.001340
153.000000 0.003233 0.000478 0.003340 0.000459 0.006130 0.009093 0.006171 0.009070
154.000000 0.003195 0.000471 0.003301 0.000453 0.005012 0.005721 0.005060 0.005727
155.000000 0.003157 0.000464 0.003262 0.000446 0.002850 0.000983 0.002888 0.000976
156.000000 0.003120 0.000457 0.003225 0.000440 0.005360 0.007622 0.005389 0.007575
157.000000 0.003084 0.000450 0.003188 0.000433 0.004479 0.004281 0.004541 0.004315
158.000000 0.003049 0.000444 0.003152 0.000427 0.002930 0.000978 0.002976 0.000985
159.000000 0.003014 0.000437 0.003116 0.000420 0.004929 0.006584 0.004956 0.006524
160.000000 0.002980 0.000431 0.003081 0.000414 0.004203 0.002991 0.004254 0.002999
161.000000 0.002946 0.000425 0.003047 0.000408 0.004271 0.003947 0.004315 0.003960
162.000000 0.002914 0.000419 0.003013 0.000402 0.007013 0.008772 0.007077 0.008818
163.000000 0.002881 0.000412 0.002980 0.000396 0.006378 0.008572 0.006436 0.008619
164.000000 0.002850 0.000406 0.002948 0.000390 0.005147 0.004342 0.005207 0.004374
165.000000 0.002819 0.000401 0.002917 0.000384 0.004735 0.004624 0.004776 0.004633
166.000000 0.002788 0.000395 0.002885 0.000379 0.004339 0.003621 0.004387 0.003639
167.000000 0.002759 0.000389 0.002855 0.000373 0.004711 0.004775 0.004775 0.004794
168.000000 0.002729 0.000383 0.002825 0.000368 0.003438 0.002336 0.003473 0.002305
169.000000 0.002701 0.000378 0.002796 0.000362 0.002955 0.001437 0.002989 0.001451
170.000000 0.002672 0.000372 0.002767 0.000357 0.004321 0.003226 0.004375 0.003232
171.000000 0.002645 0.000367 0.002739 0.000351 0.003149 0.002021 0.003186 0.002015
172.000000 0.002618 0.000361 0.002711 0.000346 0.002397 0.000588 0.002427 0.000591
173.000000 0.002591 0.000356 0.002684 0.000341 0.003550 0.002161 0.003602 0.002160
174.000000 0.002565 0.000351 0.002657 0.000336 0.002990 0.001918 0.003024 0.001920
175.000000 0.002539 0.000346 0.002631 0.000331 0.002321 0.000740 0.002352 0.000732
176.000000 0.002514 0.000341 0.002605 0.000326 0.002868 0.001364 0.002912 0.001355
177.000000 0.002489 0.000336 0.002579 0.000321 0.002777 0.001584 0.002811 0.001583
178.000000 0.002465 0.000331 0.002555 0.000317 0.002391 0.000833 0.002426 0.000827
179.000000 0.002441 0.000326 0.002530 0.000312 0.002471 0.000979 0.002511 0.000977
180.000000 0.002417 0.000322 0.002506 0.000307 0.002535 0.001170 0.002571 0.001168
181.000000 0.002394 0.000317 0.002482 0.000303 0.002377 0.000826 0.002411 0.000824
182.000000 0.002372 0.000313 0.002459 0.000298 0.002286 0.000798 0.002326 0.000802
183.000000 0.002349 0.000308 0.002436 0.000294 0.002344 0.000911 0.002377 0.000910
184.000000 0.002327 0.000304 0.002414 0.000290 0.002321 0.000762 0.002357 0.000767
185.000000 0.002306 0.000300 0.002392 0.000286 0.002337 0.000956 0.002373 0.000973
186.000000 0.002285 0.000295 0.002370 0.000281 0.002624 0.001629 0.002660 0.001645
187.000000 0.002264 0.000291 0.002349 0.000277 0.003269 0.003561 0.003308 0.003597
188.000000 0.002244 0.000287 0.002328 0.000273 0.004930 0.008337 0.004978 0.008384
189.000000 0.002223 0.000283 0.002308 0.000270 0.007695 0.016181 0.007748 0.016252
190.000000 0.002204 0.000279 0.002288 0.000266 0.008606 0.018829 0.008676 0.018932
191.000000 0.002184 0.000275 0.002268 0.000262 0.006799 0.012826 0.006836 0.012851
192.000000 0.002165 0.000272 0.002248 0.000258 0.003367 0.003038 0.003414 0.003079
193.000000 0.002146 0.000268 0.002229 0.000255 0.004334 0.005061 0.004370 0.005082
194.000000 0.002128 0.000264 0.002210 0.000251 0.007149 0.012165 0.007225 0.012274
195.000000 0.002110 0.000261 0.002191 0.000247 0.005588 0.006708 0.005635 0.006734
196.000000 0.002092 0.000257 0.002173 0.000244 0.004230 0.006006 0.004285 0.006060
197.000000 0.002074 0.000254 0.002155 0.000241 0.005660 0.008298 0.005718 0.008361
198.000000 0.002057 0.000251 0.002137 0.000237 0.005113 0.007088 0.005168 0.007139
199.000000 0.002040 0.000247 0.002120 0.000234 0.002500 0.001821 0.002534 0.001841
