# epochs mean_loss std_loss mean_test_loss std_test_loss mean_loss_grad std_loss_grad mean_test_loss_grad std_test_loss_grad
0.000000 3.449497 0.050956 3.472443 0.050752 3.434894 0.007892 3.458141 0.007699
1.000000 3.264980 0.049537 3.288928 0.049078 3.353191 0.014020 3.378056 0.014080
2.000000 3.034846 0.054788 3.060290 0.054225 3.229764 0.030593 3.257045 0.030794
3.000000 2.701599 0.069895 2.729563 0.069475 3.052400 0.054222 3.083940 0.054626
4.000000 2.255397 0.091113 2.286766 0.091978 2.886334 0.077570 2.925036 0.078257
5.000000 1.755387 0.119091 1.789310 0.123479 2.813543 0.078297 2.860897 0.079716
6.000000 1.334026 0.155040 1.365252 0.160359 2.665587 0.064729 2.714529 0.065383
7.000000 1.002699 0.121596 1.024552 0.125358 2.489452 0.071735 2.535054 0.071866
8.000000 0.777326 0.134752 0.787521 0.136157 2.391243 0.069663 2.432211 0.068923
9.000000 0.737049 0.064538 0.737625 0.064632 2.358592 0.051121 2.395702 0.049852
10.000000 0.723678 0.091764 0.720108 0.090564 2.335111 0.039148 2.370164 0.037345
11.000000 0.605115 0.085548 0.602332 0.084794 2.317229 0.024712 2.352047 0.022191
12.000000 0.462845 0.057609 0.462838 0.058379 2.312408 0.029851 2.348322 0.028204
13.000000 0.385564 0.063686 0.388686 0.064640 2.289798 0.038843 2.327473 0.036345
14.000000 0.376679 0.059492 0.382499 0.059820 2.258823 0.038455 2.298223 0.036145
15.000000 0.392677 0.042052 0.400144 0.042355 2.239936 0.028743 2.280833 0.027644
16.000000 0.395188 0.029041 0.402948 0.030209 2.231146 0.021204 2.273330 0.022124
17.000000 0.372643 0.026968 0.379424 0.028787 2.221039 0.015614 2.264351 0.016840
18.000000 0.333654 0.030978 0.338445 0.032644 2.207434 0.012252 2.251697 0.013320
19.000000 0.293486 0.032714 0.295629 0.033942 2.195686 0.012150 2.240563 0.013783
20.000000 0.263289 0.029436 0.262641 0.029747 2.190144 0.010154 2.235093 0.012188
21.000000 0.242825 0.025208 0.239954 0.024239 2.188908 0.011532 2.233231 0.013404
22.000000 0.223956 0.019722 0.220076 0.018202 2.186972 0.013416 2.230055 0.014862
23.000000 0.202533 0.011747 0.198996 0.011050 2.182926 0.014217 2.224545 0.015162
24.000000 0.182539 0.011240 0.180253 0.012045 2.178475 0.013767 2.218827 0.014933
25.000000 0.168670 0.015228 0.167834 0.015791 2.174038 0.012526 2.213591 0.014142
26.000000 0.159421 0.014517 0.159667 0.014600 2.168955 0.010997 2.208247 0.012868
27.000000 0.149958 0.014995 0.150736 0.014802 2.163597 0.009543 2.203057 0.011914
28.000000 0.138564 0.016015 0.139466 0.015746 2.158995 0.008621 2.198815 0.011549
29.000000 0.127342 0.013436 0.128206 0.013201 2.155572 0.007850 2.195691 0.010750
30.000000 0.118294 0.008751 0.119123 0.008558 2.152898 0.007640 2.193077 0.010020
31.000000 0.111031 0.006784 0.111841 0.006623 2.150581 0.008481 2.190493 0.010500
32.000000 0.103795 0.007975 0.104547 0.007962 2.148405 0.010192 2.187706 0.011959
33.000000 0.095326 0.008646 0.095967 0.008752 2.145831 0.011426 2.184252 0.012975
34.000000 0.085694 0.008879 0.086222 0.008978 2.142675 0.011457 2.180104 0.012844
35.000000 0.076174 0.008832 0.076637 0.008853 2.139676 0.010963 2.176190 0.012100
36.000000 0.068217 0.008171 0.068664 0.008135 2.137395 0.011159 2.173242 0.011913
37.000000 0.062298 0.007349 0.062744 0.007291 2.135064 0.011801 2.170576 0.012190
38.000000 0.058012 0.006859 0.058453 0.006781 2.131871 0.012186 2.167345 0.012173
39.000000 0.054879 0.006373 0.055316 0.006249 2.128342 0.012609 2.163957 0.012165
40.000000 0.052387 0.005928 0.052833 0.005769 2.125084 0.013309 2.160888 0.012675
41.000000 0.049606 0.005830 0.050074 0.005675 2.121827 0.014288 2.157787 0.013816
42.000000 0.045726 0.005662 0.046208 0.005485 2.118244 0.015553 2.154318 0.015406
43.000000 0.041027 0.004891 0.041492 0.004662 2.114419 0.017081 2.150624 0.017266
44.000000 0.036723 0.004197 0.037132 0.003999 2.110440 0.018583 2.146869 0.019068
45.000000 0.033770 0.004322 0.034099 0.004181 2.106334 0.019739 2.143095 0.020395
46.000000 0.032053 0.004436 0.032301 0.004246 2.102078 0.020739 2.139191 0.021387
47.000000 0.030703 0.004290 0.030888 0.004038 2.097517 0.021982 2.134860 0.022524
48.000000 0.029040 0.003937 0.029182 0.003701 2.092653 0.023272 2.130069 0.023601
49.000000 0.027069 0.003287 0.027188 0.003120 2.087447 0.024457 2.124909 0.024348
50.000000 0.025186 0.002620 0.025302 0.002514 2.082024 0.025502 2.119687 0.024678
51.000000 0.023624 0.002370 0.023749 0.002267 2.076681 0.026238 2.114858 0.024441
52.000000 0.022306 0.002503 0.022436 0.002389 2.071447 0.026877 2.110527 0.023996
53.000000 0.021115 0.002716 0.021243 0.002630 2.066199 0.027416 2.106428 0.023529
54.000000 0.020010 0.002843 0.020135 0.002790 2.060921 0.027256 2.102215 0.022743
55.000000 0.018902 0.002725 0.019026 0.002673 2.055411 0.026794 2.097512 0.022136
56.000000 0.017703 0.002394 0.017830 0.002314 2.050081 0.026116 2.092889 0.021549
57.000000 0.016560 0.002090 0.016688 0.001984 2.045110 0.025017 2.088662 0.020623
58.000000 0.015744 0.001906 0.015870 0.001795 2.040318 0.023693 2.084615 0.019598
59.000000 0.015270 0.001849 0.015395 0.001752 2.035853 0.022237 2.080959 0.018465
60.000000 0.014849 0.001903 0.014975 0.001826 2.031588 0.020629 2.077579 0.017040
61.000000 0.014230 0.001921 0.014359 0.001867 2.027784 0.018685 2.074533 0.015353
62.000000 0.013444 0.001823 0.013575 0.001789 2.024448 0.016863 2.071842 0.013917
63.000000 0.012698 0.001675 0.012828 0.001651 2.021331 0.015241 2.069327 0.012818
64.000000 0.012136 0.001565 0.012263 0.001534 2.018499 0.013521 2.066884 0.011926
65.000000 0.011717 0.001519 0.011841 0.001471 2.015984 0.012183 2.064563 0.011490
66.000000 0.011297 0.001552 0.011418 0.001496 2.013627 0.011267 2.062247 0.011345
67.000000 0.010808 0.001630 0.010926 0.001578 2.011172 0.010425 2.059923 0.011083
68.000000 0.010298 0.001640 0.010411 0.001597 2.008883 0.009783 2.057542 0.011112
69.000000 0.009828 0.001545 0.009935 0.001511 2.006581 0.009181 2.054633 0.011016
70.000000 0.009411 0.001436 0.009512 0.001413 2.004353 0.008686 2.051526 0.011010
71.000000 0.009046 0.001394 0.009142 0.001383 2.002403 0.008281 2.049090 0.011167
72.000000 0.008731 0.001400 0.008822 0.001399 2.000677 0.007963 2.047229 0.011001
73.000000 0.008450 0.001397 0.008538 0.001403 1.999126 0.007573 2.045586 0.010452
74.000000 0.008180 0.001367 0.008265 0.001376 1.997719 0.007117 2.043804 0.009904
75.000000 0.007908 0.001326 0.007992 0.001332 1.996288 0.006567 2.041613 0.009146
76.000000 0.007636 0.001291 0.007717 0.001291 1.995019 0.006055 2.039737 0.008283
77.000000 0.007374 0.001262 0.007453 0.001256 1.993882 0.005646 2.038115 0.007463
78.000000 0.007142 0.001228 0.007220 0.001216 1.992734 0.005373 2.036628 0.006881
79.000000 0.006940 0.001192 0.007020 0.001177 1.991646 0.005143 2.035311 0.006326
80.000000 0.006748 0.001160 0.006831 0.001147 1.990607 0.004921 2.034196 0.005710
81.000000 0.006550 0.001135 0.006639 0.001128 1.989644 0.004697 2.033375 0.005263
82.000000 0.006350 0.001116 0.006447 0.001116 1.988815 0.004519 2.032357 0.005030
83.000000 0.006162 0.001100 0.006264 0.001107 1.988045 0.004354 2.031408 0.004787
84.000000 0.005990 0.001078 0.006095 0.001088 1.987339 0.004221 2.030429 0.004574
85.000000 0.005837 0.001043 0.005939 0.001052 1.986650 0.004044 2.029881 0.004049
86.000000 0.005699 0.001004 0.005797 0.001010 1.986149 0.003838 2.028972 0.003698
87.000000 0.005566 0.000972 0.005659 0.000975 1.985834 0.003517 2.029059 0.003405
88.000000 0.005424 0.000947 0.005514 0.000950 1.985835 0.003752 2.028418 0.003465
89.000000 0.005274 0.000930 0.005362 0.000933 1.984672 0.003305 2.028042 0.003603
90.000000 0.005133 0.000916 0.005221 0.000920 1.983484 0.003446 2.026526 0.003647
91.000000 0.005015 0.000897 0.005105 0.000902 1.983543 0.003158 2.026223 0.003557
92.000000 0.004913 0.000870 0.005004 0.000875 1.982832 0.003066 2.025979 0.003586
93.000000 0.004808 0.000841 0.004899 0.000845 1.982352 0.003085 2.025268 0.003652
94.000000 0.004695 0.000815 0.004785 0.000819 1.982212 0.002945 2.025049 0.003614
95.000000 0.004580 0.000791 0.004668 0.000795 1.981431 0.003013 2.024526 0.003713
96.000000 0.004474 0.000768 0.004560 0.000774 1.981211 0.002876 2.024745 0.003734
97.000000 0.004378 0.000749 0.004462 0.000755 1.980685 0.002830 2.024015 0.003952
98.000000 0.004289 0.000733 0.004373 0.000739 1.980274 0.002795 2.023546 0.003939
99.000000 0.004201 0.000719 0.004285 0.000724 1.980114 0.002682 2.023653 0.003673
100.000000 0.004115 0.000702 0.004198 0.000707 1.979577 0.002696 2.022758 0.003671
101.000000 0.004031 0.000683 0.004112 0.000688 1.979347 0.002580 2.022367 0.003580
102.000000 0.003948 0.000664 0.004028 0.000668 1.978917 0.002553 2.021995 0.003309
103.000000 0.003868 0.000645 0.003946 0.000648 1.978695 0.002479 2.021566 0.003133
104.000000 0.003792 0.000627 0.003869 0.000631 1.978472 0.002409 2.021151 0.003073
105.000000 0.003720 0.000613 0.003796 0.000616 1.978113 0.002394 2.020730 0.003036
106.000000 0.003650 0.000598 0.003726 0.000602 1.977892 0.002369 2.020581 0.003001
107.000000 0.003582 0.000582 0.003658 0.000587 1.977594 0.002364 2.020160 0.003069
108.000000 0.003516 0.000566 0.003591 0.000571 1.977444 0.002314 2.019755 0.002911
109.000000 0.003451 0.000549 0.003526 0.000555 1.977216 0.002312 2.020009 0.003090
110.000000 0.003388 0.000535 0.003461 0.000540 1.977040 0.002423 2.019422 0.002694
111.000000 0.003327 0.000521 0.003399 0.000526 1.976961 0.002682 2.019907 0.003945
112.000000 0.003269 0.000509 0.003341 0.000513 1.976699 0.002589 2.019045 0.002715
113.000000 0.003213 0.000496 0.003284 0.000500 1.976284 0.002177 2.019064 0.002873
114.000000 0.003158 0.000482 0.003229 0.000487 1.976048 0.002154 2.018815 0.002895
115.000000 0.003104 0.000469 0.003176 0.000474 1.976022 0.002362 2.018371 0.002546
116.000000 0.003051 0.000457 0.003123 0.000462 1.975785 0.002229 2.018567 0.002859
117.000000 0.003001 0.000445 0.003073 0.000451 1.975524 0.002050 2.018015 0.002483
118.000000 0.002952 0.000434 0.003023 0.000440 1.975498 0.002180 2.017875 0.002337
119.000000 0.002904 0.000423 0.002974 0.000429 1.975491 0.002345 2.018033 0.002824
120.000000 0.002858 0.000412 0.002927 0.000417 1.975359 0.002388 2.017978 0.002659
121.000000 0.002812 0.000401 0.002881 0.000406 1.975370 0.002696 2.017588 0.002402
122.000000 0.002769 0.000390 0.002837 0.000395 1.975049 0.002350 2.017809 0.002805
123.000000 0.002726 0.000380 0.002794 0.000385 1.974509 0.002003 2.016807 0.002186
124.000000 0.002685 0.000370 0.002752 0.000375 1.974263 0.001932 2.016707 0.002210
125.000000 0.002644 0.000361 0.002711 0.000366 1.974390 0.002100 2.017141 0.002441
126.000000 0.002605 0.000352 0.002671 0.000357 1.974311 0.002136 2.016675 0.001872
127.000000 0.002567 0.000342 0.002631 0.000348 1.973947 0.001802 2.016652 0.002241
128.000000 0.002530 0.000334 0.002593 0.000339 1.973967 0.001636 2.016767 0.001550
129.000000 0.002494 0.000325 0.002556 0.000330 1.974489 0.002233 2.016638 0.001432
130.000000 0.002458 0.000317 0.002521 0.000322 1.974099 0.001869 2.017246 0.002128
131.000000 0.002424 0.000309 0.002486 0.000314 1.973282 0.001793 2.015702 0.002048
132.000000 0.002390 0.000301 0.002453 0.000307 1.973313 0.001621 2.015782 0.001881
133.000000 0.002358 0.000294 0.002420 0.000300 1.973411 0.001665 2.016545 0.001812
134.000000 0.002326 0.000287 0.002387 0.000293 1.973003 0.001782 2.015440 0.001865
135.000000 0.002295 0.000280 0.002355 0.000286 1.972840 0.001685 2.015631 0.002127
136.000000 0.002264 0.000273 0.002324 0.000279 1.972762 0.001628 2.015639 0.001498
137.000000 0.002235 0.000266 0.002293 0.000272 1.972583 0.001694 2.015128 0.001868
138.000000 0.002206 0.000260 0.002264 0.000266 1.972447 0.001648 2.015245 0.001795
139.000000 0.002178 0.000254 0.002236 0.000259 1.972303 0.001657 2.015040 0.001479
140.000000 0.002150 0.000247 0.002208 0.000253 1.972229 0.001677 2.014983 0.002155
141.000000 0.002124 0.000242 0.002181 0.000247 1.972139 0.001706 2.014716 0.001633
142.000000 0.002097 0.000236 0.002154 0.000241 1.972061 0.001670 2.015116 0.002065
143.000000 0.002072 0.000230 0.002128 0.000236 1.971892 0.001724 2.014418 0.001542
144.000000 0.002047 0.000225 0.002102 0.000230 1.971826 0.001836 2.014933 0.002393
145.000000 0.002022 0.000220 0.002078 0.000225 1.971899 0.002133 2.014474 0.001517
146.000000 0.001998 0.000215 0.002053 0.000220 1.971839 0.002593 2.015112 0.003347
147.000000 0.001975 0.000210 0.002030 0.000216 1.971650 0.002338 2.014065 0.001874
148.000000 0.001952 0.000205 0.002006 0.000211 1.971301 0.001689 2.014628 0.001903
149.000000 0.001930 0.000201 0.001984 0.000206 1.971479 0.002029 2.014092 0.002007
150.000000 0.001908 0.000196 0.001961 0.000202 1.972008 0.002904 2.015328 0.004198
151.000000 0.001886 0.000192 0.001939 0.000198 1.971808 0.002902 2.014256 0.001640
152.000000 0.001865 0.000188 0.001918 0.000193 1.971175 0.001915 2.014620 0.002572
153.000000 0.001845 0.000184 0.001897 0.000189 1.971435 0.002402 2.014102 0.002138
154.000000 0.001825 0.000180 0.001877 0.000186 1.971748 0.002988 2.014914 0.004051
155.000000 0.001805 0.000176 0.001857 0.000182 1.971474 0.002773 2.014166 0.002148
156.000000 0.001786 0.000173 0.001837 0.000178 1.971362 0.002254 2.015043 0.003316
157.000000 0.001767 0.000169 0.001818 0.000175 1.970705 0.001697 2.013323 0.001607
158.000000 0.001748 0.000166 0.001799 0.000171 1.970499 0.001815 2.013615 0.001562
159.000000 0.001730 0.000162 0.001780 0.000168 1.971005 0.002325 2.014659 0.003322
160.000000 0.001712 0.000159 0.001762 0.000164 1.970492 0.001567 2.013129 0.001491
161.000000 0.001695 0.000156 0.001744 0.000161 1.970277 0.001442 2.013490 0.001759
162.000000 0.001678 0.000153 0.001726 0.000158 1.970422 0.001734 2.013995 0.002445
163.000000 0.001661 0.000150 0.001709 0.000156 1.970134 0.001634 2.013319 0.001331
164.000000 0.001644 0.000147 0.001692 0.000153 1.970105 0.001773 2.013256 0.001989
165.000000 0.001628 0.000144 0.001676 0.000150 1.970086 0.002037 2.013933 0.002312
166.000000 0.001612 0.000142 0.001660 0.000147 1.970312 0.002246 2.013514 0.001440
167.000000 0.001596 0.000139 0.001644 0.000145 1.970021 0.001890 2.013863 0.002332
168.000000 0.001581 0.000137 0.001628 0.000142 1.969397 0.001541 2.012909 0.001322
169.000000 0.001566 0.000134 0.001613 0.000140 1.969842 0.001704 2.013362 0.001105
170.000000 0.001551 0.000132 0.001597 0.000137 1.970224 0.002037 2.014347 0.002324
171.000000 0.001537 0.000129 0.001582 0.000135 1.970260 0.002472 2.013871 0.002093
172.000000 0.001522 0.000127 0.001568 0.000133 1.970547 0.003412 2.014122 0.002064
173.000000 0.001508 0.000125 0.001553 0.000131 1.970600 0.003818 2.015315 0.004032
174.000000 0.001494 0.000123 0.001539 0.000128 1.969878 0.002269 2.013264 0.001407
175.000000 0.001481 0.000121 0.001525 0.000126 1.969300 0.001751 2.013330 0.001452
176.000000 0.001467 0.000119 0.001512 0.000124 1.969664 0.002049 2.014482 0.001452
177.000000 0.001454 0.000117 0.001498 0.000122 1.969462 0.002344 2.013126 0.001614
178.000000 0.001441 0.000115 0.001485 0.000120 1.968738 0.001482 2.013124 0.001293
179.000000 0.001429 0.000113 0.001472 0.000119 1.968872 0.001640 2.013688 0.000944
180.000000 0.001416 0.000112 0.001459 0.000117 1.968905 0.001940 2.013053 0.001197
181.000000 0.001404 0.000110 0.001446 0.000115 1.968536 0.001527 2.013099 0.001415
182.000000 0.001391 0.000108 0.001434 0.000113 1.968663 0.001594 2.013636 0.000706
183.000000 0.001380 0.000107 0.001422 0.000112 1.968451 0.001712 2.012965 0.001136
184.000000 0.001368 0.000105 0.001410 0.000110 1.968068 0.001507 2.012862 0.001414
185.000000 0.001356 0.000104 0.001398 0.000109 1.968299 0.001574 2.013235 0.000854
186.000000 0.001345 0.000102 0.001386 0.000107 1.968162 0.001517 2.013224 0.001402
187.000000 0.001333 0.000101 0.001374 0.000106 1.967978 0.001366 2.012626 0.001151
188.000000 0.001322 0.000099 0.001363 0.000104 1.968152 0.001380 2.013743 0.001766
189.000000 0.001311 0.000098 0.001352 0.000103 1.967939 0.001370 2.012917 0.001192
190.000000 0.001301 0.000097 0.001341 0.000102 1.967804 0.001375 2.013092 0.002134
191.000000 0.001290 0.000096 0.001330 0.000101 1.967710 0.001422 2.013227 0.000979
192.000000 0.001280 0.000094 0.001319 0.000099 1.967381 0.001451 2.012926 0.001092
193.000000 0.001269 0.000093 0.001309 0.000098 1.967434 0.001407 2.012901 0.001596
194.000000 0.001259 0.000092 0.001298 0.000097 1.967491 0.001315 2.013348 0.001375
195.000000 0.001249 0.000091 0.001288 0.000096 1.967356 0.001316 2.013052 0.001294
196.000000 0.001239 0.000090 0.001278 0.000095 1.967433 0.001532 2.013587 0.002612
197.000000 0.001230 0.000089 0.001268 0.000094 1.967564 0.001793 2.013081 0.001002
198.000000 0.001220 0.000088 0.001258 0.000093 1.967537 0.001718 2.014393 0.003200
199.000000 0.001210 0.000087 0.001248 0.000092 1.967122 0.001528 2.012769 0.001274
