# epochs mean_loss std_loss mean_test_loss std_test_loss mean_loss_grad std_loss_grad mean_test_loss_grad std_test_loss_grad
0.000000 0.006151 0.001592 0.006181 0.001593 0.000840 0.000022 0.000867 0.000022
1.000000 0.001852 0.000492 0.001878 0.000493 0.000634 0.000023 0.000660 0.000023
2.000000 0.001218 0.000302 0.001242 0.000298 0.000540 0.000018 0.000562 0.000019
3.000000 0.001023 0.000129 0.001047 0.000129 0.000478 0.000019 0.000498 0.000020
4.000000 0.000813 0.000122 0.000835 0.000120 0.000445 0.000013 0.000463 0.000015
5.000000 0.000805 0.000162 0.000824 0.000162 0.000406 0.000012 0.000423 0.000013
6.000000 0.000675 0.000124 0.000694 0.000125 0.000373 0.000015 0.000389 0.000016
7.000000 0.000579 0.000076 0.000598 0.000077 0.000337 0.000015 0.000352 0.000015
8.000000 0.000554 0.000077 0.000572 0.000077 0.000306 0.000014 0.000321 0.000015
9.000000 0.000523 0.000068 0.000542 0.000068 0.000278 0.000012 0.000293 0.000013
10.000000 0.000486 0.000053 0.000504 0.000053 0.000255 0.000013 0.000269 0.000014
11.000000 0.000464 0.000045 0.000482 0.000046 0.000232 0.000013 0.000245 0.000015
12.000000 0.000448 0.000052 0.000466 0.000053 0.000206 0.000014 0.000217 0.000016
13.000000 0.000417 0.000046 0.000434 0.000046 0.000182 0.000013 0.000191 0.000015
14.000000 0.000388 0.000037 0.000404 0.000037 0.000162 0.000012 0.000169 0.000013
15.000000 0.000370 0.000037 0.000387 0.000037 0.000144 0.000012 0.000151 0.000013
16.000000 0.000362 0.000036 0.000378 0.000036 0.000123 0.000012 0.000129 0.000012
17.000000 0.000355 0.000030 0.000371 0.000031 0.000104 0.000010 0.000109 0.000011
18.000000 0.000344 0.000029 0.000359 0.000030 0.000091 0.000009 0.000095 0.000009
19.000000 0.000329 0.000029 0.000345 0.000030 0.000080 0.000009 0.000084 0.000010
20.000000 0.000314 0.000030 0.000329 0.000030 0.000068 0.000011 0.000071 0.000012
21.000000 0.000300 0.000029 0.000315 0.000030 0.000059 0.000012 0.000061 0.000012
22.000000 0.000290 0.000028 0.000305 0.000028 0.000055 0.000014 0.000057 0.000015
23.000000 0.000282 0.000028 0.000297 0.000028 0.000049 0.000006 0.000051 0.000007
24.000000 0.000274 0.000026 0.000289 0.000026 0.000049 0.000014 0.000050 0.000014
25.000000 0.000267 0.000023 0.000281 0.000023 0.000044 0.000010 0.000046 0.000011
26.000000 0.000261 0.000021 0.000275 0.000021 0.000041 0.000009 0.000043 0.000009
27.000000 0.000254 0.000021 0.000268 0.000021 0.000036 0.000006 0.000037 0.000006
28.000000 0.000247 0.000024 0.000260 0.000023 0.000034 0.000007 0.000035 0.000007
29.000000 0.000238 0.000025 0.000251 0.000025 0.000030 0.000004 0.000031 0.000004
30.000000 0.000230 0.000024 0.000242 0.000024 0.000028 0.000007 0.000029 0.000007
31.000000 0.000222 0.000022 0.000234 0.000022 0.000025 0.000002 0.000026 0.000002
32.000000 0.000217 0.000021 0.000229 0.000022 0.000026 0.000006 0.000027 0.000007
33.000000 0.000212 0.000021 0.000224 0.000022 0.000021 0.000001 0.000022 0.000002
34.000000 0.000208 0.000021 0.000219 0.000021 0.000023 0.000006 0.000024 0.000006
35.000000 0.000203 0.000021 0.000214 0.000022 0.000020 0.000003 0.000021 0.000003
36.000000 0.000197 0.000022 0.000208 0.000023 0.000020 0.000003 0.000021 0.000003
37.000000 0.000192 0.000022 0.000203 0.000024 0.000019 0.000004 0.000019 0.000004
38.000000 0.000187 0.000022 0.000197 0.000023 0.000017 0.000002 0.000018 0.000002
39.000000 0.000182 0.000021 0.000193 0.000022 0.000017 0.000004 0.000018 0.000004
40.000000 0.000179 0.000020 0.000189 0.000021 0.000015 0.000002 0.000016 0.000002
41.000000 0.000178 0.000018 0.000188 0.000019 0.000015 0.000003 0.000016 0.000003
42.000000 0.000187 0.000025 0.000197 0.000025 0.000014 0.000002 0.000015 0.000002
43.000000 0.000192 0.000029 0.000202 0.000031 0.000014 0.000002 0.000014 0.000002
44.000000 0.000175 0.000019 0.000185 0.000019 0.000013 0.000002 0.000014 0.000002
45.000000 0.000183 0.000022 0.000193 0.000023 0.000012 0.000001 0.000013 0.000001
46.000000 0.000173 0.000020 0.000183 0.000020 0.000013 0.000002 0.000013 0.000002
47.000000 0.000180 0.000030 0.000190 0.000031 0.000012 0.000001 0.000012 0.000001
48.000000 0.000161 0.000012 0.000170 0.000012 0.000012 0.000002 0.000012 0.000002
49.000000 0.000168 0.000016 0.000179 0.000017 0.000011 0.000001 0.000012 0.000001
50.000000 0.000159 0.000012 0.000169 0.000013 0.000011 0.000001 0.000012 0.000001
51.000000 0.000163 0.000017 0.000173 0.000017 0.000011 0.000001 0.000011 0.000001
52.000000 0.000161 0.000027 0.000170 0.000028 0.000010 0.000001 0.000011 0.000001
53.000000 0.000156 0.000017 0.000166 0.000017 0.000010 0.000001 0.000011 0.000001
54.000000 0.000153 0.000012 0.000163 0.000012 0.000010 0.000001 0.000010 0.000001
55.000000 0.000156 0.000023 0.000166 0.000023 0.000010 0.000001 0.000010 0.000001
56.000000 0.000151 0.000017 0.000161 0.000017 0.000009 0.000001 0.000010 0.000001
57.000000 0.000147 0.000015 0.000157 0.000015 0.000009 0.000001 0.000010 0.000001
58.000000 0.000145 0.000012 0.000155 0.000012 0.000009 0.000001 0.000009 0.000001
59.000000 0.000144 0.000013 0.000153 0.000013 0.000009 0.000001 0.000009 0.000001
60.000000 0.000142 0.000010 0.000151 0.000011 0.000008 0.000001 0.000009 0.000001
61.000000 0.000140 0.000011 0.000149 0.000012 0.000008 0.000001 0.000009 0.000001
62.000000 0.000139 0.000010 0.000148 0.000010 0.000008 0.000001 0.000009 0.000001
63.000000 0.000137 0.000010 0.000146 0.000010 0.000008 0.000001 0.000008 0.000001
64.000000 0.000136 0.000011 0.000145 0.000011 0.000008 0.000001 0.000008 0.000001
65.000000 0.000133 0.000008 0.000142 0.000008 0.000008 0.000001 0.000008 0.000001
66.000000 0.000134 0.000011 0.000143 0.000011 0.000008 0.000001 0.000008 0.000001
67.000000 0.000131 0.000009 0.000139 0.000009 0.000007 0.000001 0.000008 0.000001
68.000000 0.000131 0.000010 0.000140 0.000010 0.000007 0.000001 0.000008 0.000001
69.000000 0.000131 0.000012 0.000140 0.000012 0.000007 0.000001 0.000008 0.000001
70.000000 0.000135 0.000025 0.000143 0.000025 0.000008 0.000002 0.000008 0.000003
71.000000 0.000138 0.000038 0.000148 0.000040 0.000008 0.000004 0.000008 0.000004
72.000000 0.000126 0.000009 0.000135 0.000009 0.000009 0.000007 0.000009 0.000007
73.000000 0.000131 0.000022 0.000140 0.000022 0.000007 0.000001 0.000007 0.000001
74.000000 0.000124 0.000009 0.000133 0.000010 0.000008 0.000004 0.000008 0.000004
75.000000 0.000127 0.000017 0.000136 0.000018 0.000009 0.000009 0.000010 0.000009
76.000000 0.000124 0.000012 0.000133 0.000013 0.000007 0.000001 0.000007 0.000001
77.000000 0.000122 0.000010 0.000131 0.000010 0.000010 0.000012 0.000011 0.000012
78.000000 0.000123 0.000013 0.000132 0.000013 0.000009 0.000007 0.000009 0.000008
79.000000 0.000122 0.000012 0.000130 0.000012 0.000010 0.000008 0.000010 0.000009
80.000000 0.000120 0.000010 0.000128 0.000010 0.000007 0.000004 0.000008 0.000004
81.000000 0.000119 0.000010 0.000128 0.000010 0.000008 0.000006 0.000008 0.000006
82.000000 0.000119 0.000011 0.000128 0.000012 0.000007 0.000004 0.000007 0.000005
83.000000 0.000118 0.000010 0.000127 0.000011 0.000008 0.000006 0.000008 0.000006
84.000000 0.000118 0.000009 0.000127 0.000009 0.000006 0.000002 0.000007 0.000003
85.000000 0.000118 0.000009 0.000127 0.000009 0.000007 0.000005 0.000007 0.000006
86.000000 0.000118 0.000009 0.000127 0.000009 0.000006 0.000002 0.000006 0.000002
87.000000 0.000117 0.000009 0.000126 0.000010 0.000007 0.000004 0.000007 0.000004
88.000000 0.000116 0.000010 0.000125 0.000010 0.000006 0.000003 0.000006 0.000003
89.000000 0.000116 0.000008 0.000124 0.000008 0.000006 0.000002 0.000006 0.000002
90.000000 0.000114 0.000009 0.000122 0.000009 0.000006 0.000003 0.000006 0.000003
91.000000 0.000114 0.000008 0.000122 0.000008 0.000005 0.000001 0.000006 0.000001
92.000000 0.000113 0.000008 0.000122 0.000008 0.000006 0.000003 0.000006 0.000003
93.000000 0.000112 0.000008 0.000120 0.000008 0.000005 0.000002 0.000006 0.000002
94.000000 0.000112 0.000007 0.000120 0.000008 0.000006 0.000003 0.000006 0.000003
95.000000 0.000111 0.000008 0.000119 0.000008 0.000006 0.000002 0.000006 0.000002
96.000000 0.000110 0.000007 0.000118 0.000007 0.000006 0.000002 0.000006 0.000002
97.000000 0.000109 0.000008 0.000118 0.000008 0.000005 0.000002 0.000006 0.000002
98.000000 0.000108 0.000007 0.000117 0.000008 0.000006 0.000003 0.000006 0.000003
99.000000 0.000108 0.000007 0.000116 0.000008 0.000005 0.000002 0.000006 0.000002
100.000000 0.000107 0.000007 0.000116 0.000007 0.000004 0.000001 0.000005 0.000001
101.000000 0.000106 0.000007 0.000115 0.000007 0.000005 0.000002 0.000005 0.000002
102.000000 0.000106 0.000007 0.000114 0.000007 0.000005 0.000001 0.000005 0.000001
103.000000 0.000105 0.000008 0.000114 0.000008 0.000005 0.000001 0.000005 0.000001
104.000000 0.000105 0.000007 0.000113 0.000007 0.000004 0.000001 0.000004 0.000001
105.000000 0.000104 0.000008 0.000113 0.000008 0.000004 0.000001 0.000004 0.000001
106.000000 0.000104 0.000007 0.000112 0.000008 0.000004 0.000001 0.000004 0.000001
107.000000 0.000103 0.000008 0.000112 0.000008 0.000004 0.000001 0.000004 0.000001
108.000000 0.000103 0.000008 0.000111 0.000008 0.000004 0.000001 0.000004 0.000001
109.000000 0.000102 0.000008 0.000111 0.000008 0.000004 0.000001 0.000004 0.000001
110.000000 0.000102 0.000009 0.000111 0.000009 0.000004 0.000001 0.000004 0.000001
111.000000 0.000103 0.000011 0.000111 0.000011 0.000004 0.000001 0.000004 0.000001
112.000000 0.000103 0.000013 0.000112 0.000013 0.000004 0.000001 0.000004 0.000001
113.000000 0.000101 0.000011 0.000110 0.000011 0.000004 0.000002 0.000004 0.000002
114.000000 0.000099 0.000008 0.000108 0.000009 0.000005 0.000003 0.000005 0.000003
115.000000 0.000100 0.000010 0.000108 0.000010 0.000004 0.000002 0.000004 0.000002
116.000000 0.000099 0.000009 0.000107 0.000009 0.000003 0.000001 0.000004 0.000001
117.000000 0.000098 0.000009 0.000106 0.000009 0.000004 0.000001 0.000004 0.000001
118.000000 0.000098 0.000010 0.000106 0.000010 0.000004 0.000001 0.000004 0.000001
119.000000 0.000097 0.000009 0.000105 0.000010 0.000004 0.000002 0.000004 0.000002
120.000000 0.000096 0.000010 0.000105 0.000010 0.000004 0.000002 0.000004 0.000002
121.000000 0.000095 0.000010 0.000104 0.000010 0.000005 0.000005 0.000005 0.000005
122.000000 0.000095 0.000010 0.000103 0.000010 0.000005 0.000003 0.000005 0.000003
123.000000 0.000094 0.000010 0.000102 0.000010 0.000004 0.000002 0.000004 0.000002
124.000000 0.000094 0.000010 0.000102 0.000011 0.000004 0.000001 0.000004 0.000001
125.000000 0.000093 0.000011 0.000101 0.000011 0.000004 0.000002 0.000004 0.000002
126.000000 0.000092 0.000011 0.000101 0.000011 0.000004 0.000003 0.000004 0.000003
127.000000 0.000092 0.000011 0.000100 0.000011 0.000004 0.000001 0.000004 0.000001
128.000000 0.000091 0.000011 0.000099 0.000011 0.000003 0.000001 0.000004 0.000001
129.000000 0.000090 0.000011 0.000098 0.000012 0.000004 0.000002 0.000004 0.000002
130.000000 0.000090 0.000012 0.000098 0.000012 0.000005 0.000004 0.000005 0.000004
131.000000 0.000089 0.000012 0.000097 0.000012 0.000004 0.000003 0.000004 0.000003
132.000000 0.000088 0.000012 0.000096 0.000013 0.000004 0.000003 0.000004 0.000003
133.000000 0.000087 0.000013 0.000096 0.000013 0.000003 0.000001 0.000003 0.000001
134.000000 0.000087 0.000013 0.000095 0.000013 0.000003 0.000001 0.000004 0.000001
135.000000 0.000086 0.000014 0.000094 0.000014 0.000004 0.000003 0.000004 0.000003
136.000000 0.000086 0.000014 0.000094 0.000015 0.000003 0.000001 0.000003 0.000001
137.000000 0.000085 0.000014 0.000093 0.000015 0.000003 0.000001 0.000004 0.000001
138.000000 0.000084 0.000014 0.000092 0.000015 0.000004 0.000002 0.000004 0.000002
139.000000 0.000083 0.000014 0.000091 0.000014 0.000003 0.000000 0.000003 0.000000
140.000000 0.000082 0.000014 0.000090 0.000014 0.000004 0.000002 0.000004 0.000002
141.000000 0.000082 0.000015 0.000090 0.000015 0.000004 0.000002 0.000004 0.000002
142.000000 0.000081 0.000015 0.000089 0.000015 0.000003 0.000001 0.000003 0.000001
143.000000 0.000080 0.000015 0.000088 0.000015 0.000004 0.000002 0.000004 0.000002
144.000000 0.000079 0.000015 0.000087 0.000015 0.000003 0.000001 0.000003 0.000001
145.000000 0.000079 0.000015 0.000086 0.000016 0.000003 0.000001 0.000003 0.000001
146.000000 0.000078 0.000015 0.000086 0.000016 0.000004 0.000002 0.000004 0.000002
147.000000 0.000077 0.000015 0.000085 0.000016 0.000003 0.000001 0.000003 0.000001
148.000000 0.000076 0.000016 0.000084 0.000016 0.000004 0.000002 0.000004 0.000002
149.000000 0.000075 0.000016 0.000083 0.000016 0.000003 0.000002 0.000004 0.000002
150.000000 0.000075 0.000016 0.000082 0.000017 0.000004 0.000001 0.000004 0.000001
151.000000 0.000074 0.000016 0.000081 0.000017 0.000004 0.000002 0.000004 0.000002
152.000000 0.000073 0.000016 0.000081 0.000017 0.000004 0.000002 0.000004 0.000002
153.000000 0.000072 0.000016 0.000080 0.000017 0.000004 0.000002 0.000004 0.000002
154.000000 0.000072 0.000016 0.000079 0.000017 0.000003 0.000001 0.000003 0.000001
155.000000 0.000071 0.000016 0.000078 0.000017 0.000004 0.000002 0.000004 0.000002
156.000000 0.000070 0.000017 0.000078 0.000017 0.000004 0.000002 0.000004 0.000002
157.000000 0.000069 0.000017 0.000077 0.000017 0.000004 0.000002 0.000004 0.000002
158.000000 0.000069 0.000017 0.000076 0.000017 0.000003 0.000001 0.000004 0.000001
159.000000 0.000068 0.000017 0.000075 0.000018 0.000003 0.000001 0.000003 0.000001
160.000000 0.000067 0.000017 0.000074 0.000018 0.000003 0.000001 0.000003 0.000001
161.000000 0.000067 0.000016 0.000074 0.000017 0.000003 0.000001 0.000003 0.000001
162.000000 0.000068 0.000014 0.000075 0.000015 0.000003 0.000001 0.000003 0.000001
163.000000 0.000069 0.000013 0.000076 0.000013 0.000003 0.000001 0.000003 0.000001
164.000000 0.000068 0.000013 0.000075 0.000014 0.000003 0.000001 0.000003 0.000001
165.000000 0.000067 0.000013 0.000075 0.000014 0.000003 0.000001 0.000003 0.000001
166.000000 0.000065 0.000015 0.000072 0.000016 0.000003 0.000001 0.000003 0.000001
167.000000 0.000065 0.000014 0.000072 0.000015 0.000003 0.000001 0.000003 0.000001
168.000000 0.000064 0.000014 0.000071 0.000016 0.000003 0.000001 0.000003 0.000001
169.000000 0.000062 0.000015 0.000069 0.000016 0.000003 0.000002 0.000003 0.000002
170.000000 0.000063 0.000016 0.000070 0.000017 0.000003 0.000002 0.000003 0.000002
171.000000 0.000068 0.000025 0.000075 0.000026 0.000003 0.000002 0.000003 0.000002
172.000000 0.000077 0.000050 0.000084 0.000050 0.000003 0.000000 0.000003 0.000000
173.000000 0.000078 0.000050 0.000085 0.000050 0.000002 0.000000 0.000002 0.000000
174.000000 0.000065 0.000017 0.000071 0.000018 0.000003 0.000001 0.000003 0.000001
175.000000 0.000069 0.000030 0.000076 0.000030 0.000003 0.000001 0.000003 0.000001
176.000000 0.000062 0.000021 0.000068 0.000022 0.000003 0.000001 0.000003 0.000001
177.000000 0.000061 0.000020 0.000068 0.000021 0.000003 0.000001 0.000003 0.000001
178.000000 0.000062 0.000019 0.000068 0.000020 0.000003 0.000002 0.000003 0.000002
179.000000 0.000059 0.000019 0.000065 0.000020 0.000003 0.000001 0.000003 0.000001
180.000000 0.000057 0.000017 0.000064 0.000019 0.000003 0.000001 0.000003 0.000001
181.000000 0.000058 0.000019 0.000064 0.000020 0.000002 0.000000 0.000003 0.000000
182.000000 0.000054 0.000016 0.000060 0.000017 0.000002 0.000000 0.000002 0.000000
183.000000 0.000056 0.000019 0.000062 0.000020 0.000002 0.000001 0.000003 0.000001
184.000000 0.000052 0.000015 0.000059 0.000017 0.000003 0.000001 0.000003 0.000001
185.000000 0.000053 0.000018 0.000059 0.000019 0.000003 0.000002 0.000003 0.000002
186.000000 0.000051 0.000016 0.000057 0.000017 0.000004 0.000003 0.000004 0.000003
187.000000 0.000051 0.000016 0.000057 0.000018 0.000003 0.000002 0.000003 0.000002
188.000000 0.000050 0.000017 0.000056 0.000018 0.000003 0.000002 0.000003 0.000002
189.000000 0.000049 0.000016 0.000055 0.000017 0.000003 0.000001 0.000003 0.000001
190.000000 0.000048 0.000016 0.000054 0.000018 0.000003 0.000002 0.000003 0.000002
191.000000 0.000047 0.000016 0.000053 0.000018 0.000003 0.000002 0.000003 0.000002
192.000000 0.000046 0.000015 0.000052 0.000017 0.000002 0.000001 0.000002 0.000001
193.000000 0.000046 0.000016 0.000052 0.000018 0.000002 0.000001 0.000002 0.000001
194.000000 0.000045 0.000015 0.000051 0.000017 0.000002 0.000001 0.000003 0.000001
195.000000 0.000045 0.000015 0.000050 0.000017 0.000002 0.000001 0.000003 0.000001
196.000000 0.000044 0.000015 0.000049 0.000017 0.000002 0.000000 0.000002 0.000000
197.000000 0.000044 0.000015 0.000049 0.000016 0.000002 0.000001 0.000002 0.000001
198.000000 0.000044 0.000014 0.000050 0.000016 0.000002 0.000001 0.000003 0.000001
199.000000 0.000046 0.000017 0.000051 0.000018 0.000002 0.000000 0.000002 0.000000
