# epochs mean_loss std_loss mean_test_loss std_test_loss mean_loss_grad std_loss_grad mean_test_loss_grad std_test_loss_grad
0.000000 0.046184 0.001315 0.045585 0.001313 0.044370 0.000232 0.043776 0.000232
1.000000 0.028589 0.001656 0.027982 0.001624 0.027370 0.001126 0.026771 0.001121
2.000000 0.042602 0.005392 0.042464 0.005328 0.085958 0.017402 0.086615 0.017438
3.000000 0.017768 0.001444 0.017560 0.001411 0.068621 0.018339 0.067894 0.018183
4.000000 0.014650 0.000711 0.014522 0.000703 0.034542 0.004261 0.034099 0.004215
5.000000 0.013637 0.001226 0.013537 0.001234 0.029546 0.002507 0.029085 0.002485
6.000000 0.012237 0.000785 0.012108 0.000786 0.027982 0.001591 0.027493 0.001587
7.000000 0.011737 0.000574 0.011592 0.000605 0.024086 0.002067 0.023624 0.002045
8.000000 0.010456 0.000561 0.010310 0.000558 0.017890 0.002742 0.017515 0.002679
9.000000 0.009576 0.000741 0.009459 0.000752 0.012117 0.001687 0.011891 0.001641
10.000000 0.009154 0.001237 0.009053 0.001201 0.012054 0.001056 0.012027 0.001119
11.000000 0.009061 0.001687 0.008930 0.001621 0.014042 0.002059 0.014116 0.002081
12.000000 0.008787 0.001677 0.008606 0.001529 0.009720 0.002176 0.009751 0.002211
13.000000 0.008466 0.001028 0.008284 0.000966 0.007352 0.000655 0.007290 0.000650
14.000000 0.008101 0.000731 0.007965 0.000695 0.007767 0.000840 0.007639 0.000831
15.000000 0.007425 0.000583 0.007365 0.000547 0.007896 0.001232 0.007743 0.001219
16.000000 0.007453 0.000632 0.007386 0.000584 0.006796 0.001304 0.006650 0.001288
17.000000 0.006815 0.000595 0.006773 0.000573 0.005551 0.001145 0.005430 0.001110
18.000000 0.006512 0.000501 0.006498 0.000496 0.005030 0.001306 0.004937 0.001252
19.000000 0.006313 0.000563 0.006312 0.000554 0.004498 0.001078 0.004451 0.001041
20.000000 0.005847 0.000473 0.005865 0.000462 0.004024 0.000563 0.004019 0.000552
21.000000 0.005674 0.000488 0.005703 0.000473 0.003927 0.000298 0.003932 0.000302
22.000000 0.005388 0.000479 0.005426 0.000468 0.003931 0.000543 0.003925 0.000554
23.000000 0.005113 0.000423 0.005160 0.000421 0.003593 0.000520 0.003569 0.000541
24.000000 0.004892 0.000279 0.004946 0.000270 0.003109 0.000773 0.003066 0.000765
25.000000 0.004828 0.000659 0.004877 0.000659 0.002792 0.000255 0.002754 0.000247
26.000000 0.004791 0.001201 0.004843 0.001223 0.002735 0.000370 0.002709 0.000362
27.000000 0.004174 0.000345 0.004217 0.000332 0.002612 0.000448 0.002603 0.000435
28.000000 0.004080 0.000452 0.004125 0.000445 0.002372 0.000313 0.002378 0.000307
29.000000 0.003823 0.000343 0.003872 0.000325 0.002215 0.000280 0.002223 0.000269
30.000000 0.003822 0.000657 0.003879 0.000651 0.002082 0.000171 0.002097 0.000178
31.000000 0.003708 0.001255 0.003769 0.001250 0.002022 0.000171 0.002039 0.000171
32.000000 0.003293 0.000554 0.003359 0.000550 0.002013 0.000213 0.002026 0.000212
33.000000 0.002877 0.000485 0.002948 0.000480 0.001873 0.000175 0.001882 0.000174
34.000000 0.002804 0.000626 0.002881 0.000626 0.001771 0.000190 0.001778 0.000198
35.000000 0.002445 0.000421 0.002519 0.000415 0.001706 0.000136 0.001712 0.000147
36.000000 0.002313 0.000526 0.002385 0.000525 0.001630 0.000120 0.001637 0.000124
37.000000 0.002128 0.000429 0.002200 0.000426 0.001601 0.000128 0.001605 0.000130
38.000000 0.001896 0.000426 0.001969 0.000428 0.001529 0.000093 0.001531 0.000099
39.000000 0.001790 0.000428 0.001869 0.000432 0.001466 0.000126 0.001467 0.000127
40.000000 0.001571 0.000294 0.001647 0.000301 0.001388 0.000108 0.001391 0.000105
41.000000 0.001478 0.000344 0.001551 0.000351 0.001366 0.000055 0.001370 0.000058
42.000000 0.001363 0.000222 0.001434 0.000231 0.001359 0.000055 0.001362 0.000059
43.000000 0.001289 0.000221 0.001357 0.000232 0.001306 0.000042 0.001309 0.000041
44.000000 0.001203 0.000200 0.001269 0.000212 0.001273 0.000069 0.001275 0.000067
45.000000 0.001136 0.000130 0.001196 0.000140 0.001231 0.000076 0.001236 0.000075
46.000000 0.001117 0.000144 0.001174 0.000148 0.001217 0.000051 0.001225 0.000053
47.000000 0.001038 0.000075 0.001091 0.000083 0.001192 0.000050 0.001203 0.000056
48.000000 0.001016 0.000079 0.001068 0.000083 0.001170 0.000039 0.001181 0.000046
49.000000 0.000983 0.000085 0.001034 0.000090 0.001133 0.000036 0.001145 0.000040
50.000000 0.000935 0.000064 0.000985 0.000071 0.001106 0.000037 0.001117 0.000039
51.000000 0.000929 0.000084 0.000976 0.000086 0.001095 0.000039 0.001107 0.000038
52.000000 0.000894 0.000070 0.000938 0.000073 0.001089 0.000032 0.001100 0.000031
53.000000 0.000859 0.000066 0.000902 0.000070 0.001071 0.000031 0.001082 0.000032
54.000000 0.000842 0.000078 0.000884 0.000081 0.001048 0.000039 0.001060 0.000041
55.000000 0.000809 0.000062 0.000849 0.000063 0.001027 0.000044 0.001039 0.000048
56.000000 0.000790 0.000063 0.000830 0.000062 0.001021 0.000045 0.001033 0.000049
57.000000 0.000775 0.000058 0.000814 0.000056 0.001012 0.000035 0.001023 0.000039
58.000000 0.000747 0.000048 0.000786 0.000046 0.000990 0.000031 0.001001 0.000034
59.000000 0.000734 0.000052 0.000773 0.000051 0.000972 0.000036 0.000982 0.000038
60.000000 0.000719 0.000042 0.000759 0.000041 0.000961 0.000042 0.000972 0.000043
61.000000 0.000702 0.000039 0.000742 0.000038 0.000956 0.000041 0.000966 0.000042
62.000000 0.000690 0.000039 0.000731 0.000038 0.000944 0.000037 0.000954 0.000038
63.000000 0.000678 0.000033 0.000719 0.000033 0.000928 0.000041 0.000938 0.000042
64.000000 0.000669 0.000035 0.000711 0.000035 0.000916 0.000045 0.000925 0.000047
65.000000 0.000658 0.000035 0.000699 0.000035 0.000903 0.000046 0.000913 0.000049
66.000000 0.000647 0.000033 0.000688 0.000034 0.000894 0.000044 0.000904 0.000046
67.000000 0.000638 0.000035 0.000680 0.000036 0.000883 0.000042 0.000892 0.000043
68.000000 0.000628 0.000033 0.000671 0.000034 0.000870 0.000046 0.000879 0.000047
69.000000 0.000621 0.000034 0.000664 0.000034 0.000860 0.000048 0.000868 0.000048
70.000000 0.000614 0.000034 0.000658 0.000034 0.000849 0.000048 0.000857 0.000049
71.000000 0.000605 0.000031 0.000649 0.000031 0.000841 0.000048 0.000850 0.000049
72.000000 0.000599 0.000031 0.000643 0.000031 0.000831 0.000050 0.000840 0.000051
73.000000 0.000592 0.000030 0.000636 0.000030 0.000819 0.000050 0.000827 0.000052
74.000000 0.000585 0.000027 0.000630 0.000027 0.000806 0.000050 0.000815 0.000052
75.000000 0.000580 0.000026 0.000625 0.000027 0.000798 0.000050 0.000806 0.000052
76.000000 0.000575 0.000023 0.000619 0.000023 0.000789 0.000051 0.000797 0.000053
77.000000 0.000571 0.000021 0.000616 0.000021 0.000778 0.000052 0.000786 0.000054
78.000000 0.000569 0.000022 0.000614 0.000021 0.000766 0.000053 0.000774 0.000054
79.000000 0.000569 0.000030 0.000614 0.000030 0.000758 0.000052 0.000766 0.000054
80.000000 0.000574 0.000054 0.000619 0.000053 0.000749 0.000053 0.000757 0.000054
81.000000 0.000582 0.000091 0.000628 0.000092 0.000739 0.000053 0.000747 0.000054
82.000000 0.000587 0.000119 0.000632 0.000119 0.000728 0.000053 0.000735 0.000054
83.000000 0.000580 0.000108 0.000624 0.000108 0.000719 0.000053 0.000726 0.000054
84.000000 0.000551 0.000040 0.000595 0.000039 0.000710 0.000052 0.000717 0.000054
85.000000 0.000531 0.000027 0.000575 0.000027 0.000701 0.000052 0.000708 0.000054
86.000000 0.000536 0.000024 0.000580 0.000023 0.000691 0.000052 0.000698 0.000054
87.000000 0.000544 0.000048 0.000589 0.000047 0.000681 0.000052 0.000689 0.000053
88.000000 0.000534 0.000029 0.000578 0.000028 0.000673 0.000051 0.000680 0.000052
89.000000 0.000524 0.000038 0.000568 0.000039 0.000664 0.000050 0.000671 0.000052
90.000000 0.000538 0.000049 0.000582 0.000048 0.000654 0.000050 0.000661 0.000051
91.000000 0.000557 0.000084 0.000601 0.000084 0.000646 0.000049 0.000652 0.000050
92.000000 0.000586 0.000162 0.000630 0.000163 0.000637 0.000048 0.000644 0.000050
93.000000 0.000666 0.000320 0.000711 0.000322 0.000629 0.000047 0.000635 0.000049
94.000000 0.000772 0.000564 0.000817 0.000566 0.000620 0.000046 0.000627 0.000048
95.000000 0.000793 0.000664 0.000839 0.000670 0.000612 0.000046 0.000619 0.000047
96.000000 0.000632 0.000263 0.000676 0.000263 0.000605 0.000045 0.000611 0.000046
97.000000 0.000580 0.000210 0.000624 0.000212 0.000597 0.000044 0.000603 0.000045
98.000000 0.000706 0.000384 0.000753 0.000387 0.000589 0.000043 0.000596 0.000044
99.000000 0.000596 0.000185 0.000640 0.000186 0.000582 0.000042 0.000589 0.000043
100.000000 0.000520 0.000084 0.000564 0.000083 0.000575 0.000041 0.000582 0.000042
101.000000 0.000550 0.000169 0.000594 0.000170 0.000568 0.000040 0.000575 0.000041
102.000000 0.000534 0.000123 0.000578 0.000123 0.000562 0.000039 0.000568 0.000040
103.000000 0.000545 0.000149 0.000589 0.000148 0.000555 0.000038 0.000562 0.000039
104.000000 0.000472 0.000030 0.000516 0.000030 0.000549 0.000037 0.000556 0.000039
105.000000 0.000534 0.000120 0.000579 0.000120 0.000543 0.000037 0.000550 0.000038
106.000000 0.000483 0.000046 0.000528 0.000046 0.000537 0.000036 0.000544 0.000037
107.000000 0.000487 0.000084 0.000531 0.000084 0.000531 0.000035 0.000538 0.000037
108.000000 0.000484 0.000057 0.000528 0.000057 0.000525 0.000035 0.000532 0.000036
109.000000 0.000483 0.000065 0.000528 0.000065 0.000520 0.000034 0.000527 0.000036
110.000000 0.000460 0.000029 0.000504 0.000030 0.000514 0.000034 0.000522 0.000035
111.000000 0.000488 0.000058 0.000532 0.000058 0.000509 0.000033 0.000516 0.000034
112.000000 0.000466 0.000045 0.000510 0.000047 0.000504 0.000033 0.000511 0.000034
113.000000 0.000502 0.000096 0.000547 0.000097 0.000499 0.000032 0.000506 0.000033
114.000000 0.000540 0.000203 0.000586 0.000206 0.000494 0.000032 0.000502 0.000033
115.000000 0.000605 0.000337 0.000651 0.000341 0.000489 0.000032 0.000497 0.000033
116.000000 0.000661 0.000365 0.000708 0.000370 0.000485 0.000031 0.000492 0.000033
117.000000 0.000648 0.000368 0.000695 0.000374 0.000480 0.000031 0.000488 0.000032
118.000000 0.000677 0.000468 0.000724 0.000474 0.000476 0.000031 0.000483 0.000032
119.000000 0.000657 0.000339 0.000704 0.000345 0.000471 0.000030 0.000479 0.000032
120.000000 0.000495 0.000112 0.000540 0.000115 0.000467 0.000030 0.000475 0.000031
121.000000 0.000504 0.000193 0.000549 0.000195 0.000463 0.000030 0.000471 0.000031
122.000000 0.000534 0.000168 0.000580 0.000171 0.000459 0.000030 0.000467 0.000031
123.000000 0.000460 0.000096 0.000504 0.000097 0.000455 0.000030 0.000463 0.000031
124.000000 0.000497 0.000162 0.000542 0.000164 0.000451 0.000029 0.000459 0.000031
125.000000 0.000444 0.000045 0.000488 0.000047 0.000447 0.000029 0.000455 0.000030
126.000000 0.000467 0.000090 0.000512 0.000091 0.000443 0.000029 0.000451 0.000030
127.000000 0.000438 0.000068 0.000482 0.000069 0.000440 0.000029 0.000447 0.000030
128.000000 0.000432 0.000041 0.000476 0.000042 0.000436 0.000029 0.000444 0.000030
129.000000 0.000440 0.000067 0.000485 0.000068 0.000432 0.000029 0.000440 0.000030
130.000000 0.000407 0.000033 0.000451 0.000034 0.000429 0.000029 0.000436 0.000030
131.000000 0.000433 0.000058 0.000477 0.000059 0.000425 0.000029 0.000433 0.000030
132.000000 0.000399 0.000030 0.000443 0.000031 0.000422 0.000029 0.000429 0.000030
133.000000 0.000414 0.000047 0.000458 0.000048 0.000418 0.000029 0.000426 0.000030
134.000000 0.000397 0.000027 0.000441 0.000028 0.000415 0.000029 0.000422 0.000030
135.000000 0.000399 0.000043 0.000443 0.000044 0.000412 0.000029 0.000419 0.000030
136.000000 0.000392 0.000025 0.000436 0.000027 0.000408 0.000029 0.000416 0.000030
137.000000 0.000389 0.000038 0.000433 0.000039 0.000405 0.000029 0.000412 0.000030
138.000000 0.000383 0.000025 0.000427 0.000027 0.000402 0.000029 0.000409 0.000030
139.000000 0.000383 0.000032 0.000427 0.000034 0.000399 0.000029 0.000406 0.000030
140.000000 0.000375 0.000026 0.000419 0.000028 0.000396 0.000029 0.000403 0.000030
141.000000 0.000376 0.000029 0.000420 0.000030 0.000393 0.000029 0.000400 0.000030
142.000000 0.000368 0.000028 0.000412 0.000029 0.000390 0.000029 0.000397 0.000030
143.000000 0.000369 0.000027 0.000413 0.000028 0.000387 0.000029 0.000394 0.000030
144.000000 0.000362 0.000027 0.000406 0.000029 0.000384 0.000029 0.000390 0.000031
145.000000 0.000361 0.000026 0.000406 0.000028 0.000381 0.000029 0.000387 0.000031
146.000000 0.000357 0.000027 0.000401 0.000028 0.000378 0.000029 0.000385 0.000031
147.000000 0.000354 0.000026 0.000398 0.000028 0.000375 0.000029 0.000382 0.000031
148.000000 0.000352 0.000025 0.000396 0.000027 0.000372 0.000030 0.000379 0.000031
149.000000 0.000348 0.000026 0.000392 0.000028 0.000369 0.000030 0.000376 0.000031
150.000000 0.000347 0.000024 0.000391 0.000026 0.000366 0.000030 0.000373 0.000031
151.000000 0.000342 0.000026 0.000386 0.000027 0.000364 0.000030 0.000370 0.000031
152.000000 0.000341 0.000025 0.000385 0.000026 0.000361 0.000030 0.000367 0.000032
153.000000 0.000338 0.000024 0.000382 0.000026 0.000358 0.000030 0.000365 0.000032
154.000000 0.000335 0.000025 0.000379 0.000027 0.000356 0.000030 0.000363 0.000031
155.000000 0.000333 0.000024 0.000377 0.000025 0.000355 0.000029 0.000361 0.000030
156.000000 0.000330 0.000025 0.000373 0.000026 0.000356 0.000028 0.000362 0.000029
157.000000 0.000328 0.000024 0.000372 0.000025 0.000364 0.000041 0.000371 0.000041
158.000000 0.000325 0.000024 0.000369 0.000025 0.000386 0.000095 0.000391 0.000092
159.000000 0.000323 0.000024 0.000367 0.000026 0.000467 0.000323 0.000472 0.000320
160.000000 0.000321 0.000024 0.000365 0.000025 0.000490 0.000345 0.000494 0.000338
161.000000 0.000319 0.000025 0.000363 0.000026 0.000601 0.000629 0.000604 0.000621
162.000000 0.000319 0.000026 0.000362 0.000027 0.000461 0.000326 0.000466 0.000322
163.000000 0.000319 0.000031 0.000363 0.000033 0.000485 0.000305 0.000490 0.000302
164.000000 0.000323 0.000047 0.000367 0.000048 0.000646 0.000850 0.000647 0.000837
165.000000 0.000335 0.000084 0.000379 0.000086 0.000351 0.000060 0.000357 0.000059
166.000000 0.000356 0.000153 0.000400 0.000156 0.000793 0.001320 0.000794 0.001307
167.000000 0.000388 0.000256 0.000433 0.000260 0.000988 0.001800 0.000985 0.001771
168.000000 0.000395 0.000281 0.000439 0.000286 0.000972 0.001865 0.000967 0.001835
169.000000 0.000354 0.000165 0.000398 0.000168 0.000425 0.000274 0.000432 0.000276
170.000000 0.000302 0.000026 0.000346 0.000027 0.001140 0.002341 0.001146 0.002342
171.000000 0.000323 0.000088 0.000367 0.000089 0.000704 0.000887 0.000704 0.000869
172.000000 0.000338 0.000137 0.000382 0.000139 0.001163 0.002232 0.001155 0.002196
173.000000 0.000298 0.000028 0.000341 0.000029 0.000951 0.001505 0.000951 0.001487
174.000000 0.000307 0.000058 0.000351 0.000059 0.000510 0.000492 0.000517 0.000495
175.000000 0.000316 0.000087 0.000360 0.000089 0.000890 0.001616 0.000894 0.001610
176.000000 0.000289 0.000021 0.000332 0.000022 0.000594 0.000608 0.000600 0.000608
177.000000 0.000305 0.000064 0.000349 0.000065 0.000540 0.000611 0.000544 0.000607
178.000000 0.000294 0.000036 0.000337 0.000037 0.000649 0.000992 0.000655 0.000990
179.000000 0.000292 0.000028 0.000335 0.000029 0.000562 0.000661 0.000569 0.000663
180.000000 0.000300 0.000045 0.000343 0.000046 0.000404 0.000233 0.000407 0.000226
181.000000 0.000296 0.000039 0.000339 0.000040 0.000536 0.000672 0.000538 0.000657
182.000000 0.000319 0.000089 0.000363 0.000089 0.000455 0.000428 0.000459 0.000422
183.000000 0.000333 0.000156 0.000377 0.000159 0.000413 0.000235 0.000417 0.000232
184.000000 0.000350 0.000198 0.000394 0.000199 0.000499 0.000392 0.000505 0.000394
185.000000 0.000341 0.000182 0.000385 0.000185 0.000537 0.000513 0.000542 0.000512
186.000000 0.000298 0.000065 0.000341 0.000065 0.000518 0.000526 0.000523 0.000523
187.000000 0.000282 0.000026 0.000325 0.000026 0.000445 0.000255 0.000450 0.000253
188.000000 0.000295 0.000067 0.000338 0.000069 0.000466 0.000382 0.000468 0.000377
189.000000 0.000300 0.000081 0.000342 0.000081 0.000555 0.000478 0.000559 0.000479
190.000000 0.000278 0.000028 0.000320 0.000029 0.000468 0.000298 0.000471 0.000294
191.000000 0.000275 0.000025 0.000318 0.000026 0.000433 0.000296 0.000439 0.000298
192.000000 0.000284 0.000053 0.000326 0.000053 0.000356 0.000203 0.000362 0.000205
193.000000 0.000270 0.000021 0.000312 0.000022 0.000396 0.000190 0.000400 0.000188
194.000000 0.000269 0.000022 0.000311 0.000022 0.000458 0.000354 0.000462 0.000354
195.000000 0.000272 0.000037 0.000315 0.000036 0.000332 0.000167 0.000336 0.000165
196.000000 0.000262 0.000016 0.000304 0.000017 0.000373 0.000195 0.000375 0.000191
197.000000 0.000264 0.000022 0.000306 0.000023 0.000483 0.000441 0.000488 0.000442
198.000000 0.000263 0.000023 0.000305 0.000023 0.000308 0.000108 0.000314 0.000110
199.000000 0.000256 0.000015 0.000298 0.000015 0.000440 0.000425 0.000443 0.000419
