# epochs mean_loss std_loss mean_test_loss std_test_loss mean_loss_grad std_loss_grad mean_test_loss_grad std_test_loss_grad
0.000000 4.434212 0.032033 4.438934 0.030546 4.435112 0.008003 4.439099 0.008049
1.000000 3.113505 0.053338 3.120731 0.051957 3.281828 0.136137 3.291408 0.135099
2.000000 1.041033 0.133039 1.038765 0.138460 1.547156 0.488546 1.539480 0.486161
3.000000 2.877641 0.543742 2.862192 0.552982 0.902743 0.622265 0.908875 0.623114
4.000000 0.544153 0.067251 0.543685 0.064451 0.919511 0.263303 0.935259 0.265425
5.000000 0.644953 0.060454 0.650334 0.058747 0.857002 0.234179 0.864152 0.232878
6.000000 0.894055 0.084891 0.897450 0.081304 0.516095 0.233741 0.512832 0.233718
7.000000 0.912612 0.099178 0.912396 0.094402 0.429310 0.147432 0.420487 0.147997
8.000000 0.706434 0.121675 0.704397 0.117678 0.386134 0.087511 0.377585 0.089480
9.000000 0.424138 0.107180 0.421624 0.104610 0.367163 0.097888 0.361870 0.099059
10.000000 0.237586 0.062620 0.234766 0.061115 0.315072 0.087872 0.312735 0.089238
11.000000 0.231226 0.044218 0.228169 0.043077 0.254175 0.087058 0.253016 0.087703
12.000000 0.259213 0.032260 0.257053 0.032716 0.211409 0.078603 0.211289 0.078854
13.000000 0.231907 0.039175 0.231604 0.039170 0.212743 0.029684 0.213222 0.029700
14.000000 0.173442 0.046011 0.173602 0.046749 0.202144 0.028483 0.202516 0.026955
15.000000 0.139854 0.020335 0.139690 0.019676 0.182900 0.047467 0.182693 0.046753
16.000000 0.147771 0.028619 0.147995 0.027976 0.160524 0.038276 0.159487 0.037849
17.000000 0.156675 0.020562 0.156252 0.019891 0.135791 0.034816 0.134189 0.035262
18.000000 0.150991 0.014451 0.149120 0.014908 0.117514 0.027366 0.116095 0.027750
19.000000 0.124158 0.023232 0.122042 0.023331 0.105443 0.026159 0.104423 0.026576
20.000000 0.095550 0.011161 0.094326 0.010985 0.099055 0.018753 0.098213 0.019474
21.000000 0.086628 0.012849 0.086318 0.012845 0.091132 0.024349 0.090459 0.024534
22.000000 0.087415 0.015664 0.087517 0.015743 0.076655 0.018211 0.076347 0.018150
23.000000 0.087139 0.005306 0.087338 0.005212 0.063102 0.009430 0.063180 0.009040
24.000000 0.078652 0.013703 0.079007 0.014100 0.060353 0.008636 0.060581 0.009058
25.000000 0.066052 0.012875 0.066489 0.013323 0.057621 0.012246 0.057786 0.012601
26.000000 0.057884 0.003779 0.058063 0.004450 0.053383 0.012017 0.053362 0.012167
27.000000 0.052815 0.008610 0.052462 0.008195 0.050478 0.012432 0.050309 0.012207
28.000000 0.051439 0.008023 0.050654 0.007604 0.041513 0.011059 0.041322 0.010762
29.000000 0.049277 0.006680 0.048489 0.006559 0.033543 0.006154 0.033469 0.005918
30.000000 0.044079 0.007059 0.043618 0.007006 0.029964 0.005631 0.030129 0.005603
31.000000 0.037491 0.005870 0.037363 0.005790 0.029845 0.006497 0.030111 0.006588
32.000000 0.032580 0.005730 0.032594 0.005652 0.026271 0.004796 0.026369 0.004935
33.000000 0.031106 0.004420 0.031177 0.004366 0.022162 0.004510 0.021968 0.004616
34.000000 0.030412 0.005226 0.030561 0.005193 0.021790 0.007147 0.021525 0.007128
35.000000 0.028646 0.004433 0.028775 0.004364 0.019587 0.006227 0.019456 0.006265
36.000000 0.026332 0.003285 0.026330 0.003283 0.018654 0.003768 0.018543 0.003805
37.000000 0.023827 0.002186 0.023710 0.002235 0.017434 0.003843 0.017304 0.003949
38.000000 0.020759 0.002368 0.020627 0.002376 0.015660 0.003801 0.015576 0.003844
39.000000 0.019238 0.002642 0.019163 0.002546 0.014353 0.003143 0.014322 0.003076
40.000000 0.018381 0.002320 0.018341 0.002147 0.013397 0.003905 0.013364 0.003769
41.000000 0.017675 0.002752 0.017696 0.002688 0.012190 0.002463 0.012139 0.002322
42.000000 0.016181 0.002151 0.016290 0.002143 0.010167 0.001428 0.010145 0.001364
43.000000 0.013725 0.001769 0.013888 0.001761 0.009598 0.002194 0.009588 0.002172
44.000000 0.012367 0.001671 0.012527 0.001712 0.008866 0.002723 0.008841 0.002713
45.000000 0.012553 0.001223 0.012674 0.001316 0.008034 0.002015 0.007976 0.001986
46.000000 0.012596 0.001374 0.012690 0.001345 0.007617 0.002194 0.007523 0.002177
47.000000 0.011326 0.001301 0.011377 0.001291 0.007469 0.002050 0.007390 0.002048
48.000000 0.010034 0.001599 0.010044 0.001601 0.006654 0.001156 0.006620 0.001207
49.000000 0.009260 0.001163 0.009262 0.001132 0.005740 0.001295 0.005721 0.001353
50.000000 0.009011 0.001103 0.009027 0.001055 0.005350 0.001013 0.005319 0.001026
51.000000 0.008469 0.001029 0.008505 0.000989 0.004929 0.001020 0.004884 0.001035
52.000000 0.007709 0.001167 0.007771 0.001131 0.005030 0.001258 0.004961 0.001254
53.000000 0.007399 0.000982 0.007472 0.000979 0.004630 0.001311 0.004542 0.001286
54.000000 0.006889 0.000790 0.006945 0.000810 0.004052 0.000697 0.003990 0.000673
55.000000 0.006405 0.000768 0.006441 0.000756 0.003709 0.000853 0.003667 0.000844
56.000000 0.005944 0.000775 0.005954 0.000707 0.003602 0.000858 0.003565 0.000858
57.000000 0.005635 0.000807 0.005638 0.000771 0.003441 0.000930 0.003407 0.000935
58.000000 0.005538 0.000635 0.005556 0.000636 0.003289 0.000980 0.003250 0.000984
59.000000 0.005243 0.000487 0.005271 0.000514 0.002919 0.000672 0.002873 0.000678
60.000000 0.004932 0.000608 0.004954 0.000638 0.002689 0.000445 0.002647 0.000453
61.000000 0.004559 0.000651 0.004574 0.000662 0.002563 0.000583 0.002538 0.000599
62.000000 0.004349 0.000701 0.004368 0.000684 0.002393 0.000561 0.002373 0.000578
63.000000 0.004200 0.000573 0.004226 0.000560 0.002256 0.000605 0.002232 0.000616
64.000000 0.003932 0.000428 0.003962 0.000422 0.002195 0.000693 0.002175 0.000691
65.000000 0.003702 0.000465 0.003739 0.000464 0.002067 0.000573 0.002053 0.000570
66.000000 0.003589 0.000506 0.003633 0.000512 0.001835 0.000504 0.001819 0.000505
67.000000 0.003483 0.000507 0.003526 0.000514 0.001744 0.000429 0.001729 0.000430
68.000000 0.003250 0.000397 0.003289 0.000405 0.001680 0.000461 0.001665 0.000458
69.000000 0.003086 0.000355 0.003121 0.000357 0.001630 0.000516 0.001612 0.000516
70.000000 0.003016 0.000391 0.003047 0.000386 0.001476 0.000461 0.001458 0.000463
71.000000 0.002911 0.000397 0.002939 0.000393 0.001395 0.000394 0.001379 0.000393
72.000000 0.002776 0.000349 0.002807 0.000349 0.001327 0.000415 0.001312 0.000405
73.000000 0.002630 0.000335 0.002667 0.000335 0.001265 0.000427 0.001254 0.000416
74.000000 0.002552 0.000362 0.002591 0.000360 0.001194 0.000435 0.001188 0.000428
75.000000 0.002470 0.000365 0.002511 0.000365 0.001144 0.000395 0.001139 0.000391
76.000000 0.002368 0.000330 0.002409 0.000335 0.001074 0.000349 0.001069 0.000343
77.000000 0.002257 0.000295 0.002296 0.000301 0.001029 0.000341 0.001021 0.000336
78.000000 0.002202 0.000310 0.002238 0.000314 0.000985 0.000333 0.000976 0.000326
79.000000 0.002137 0.000300 0.002170 0.000303 0.000935 0.000342 0.000926 0.000336
80.000000 0.002055 0.000291 0.002086 0.000295 0.000900 0.000359 0.000890 0.000354
81.000000 0.002002 0.000278 0.002033 0.000280 0.000859 0.000345 0.000850 0.000341
82.000000 0.001950 0.000274 0.001981 0.000278 0.000824 0.000317 0.000815 0.000312
83.000000 0.001891 0.000261 0.001922 0.000267 0.000798 0.000300 0.000790 0.000294
84.000000 0.001819 0.000261 0.001851 0.000268 0.000771 0.000298 0.000764 0.000293
85.000000 0.001772 0.000261 0.001806 0.000269 0.000729 0.000297 0.000723 0.000292
86.000000 0.001731 0.000254 0.001765 0.000262 0.000708 0.000281 0.000703 0.000277
87.000000 0.001682 0.000238 0.001717 0.000245 0.000681 0.000268 0.000675 0.000265
88.000000 0.001631 0.000234 0.001666 0.000243 0.000657 0.000271 0.000651 0.000267
89.000000 0.001600 0.000239 0.001635 0.000247 0.000636 0.000266 0.000631 0.000262
90.000000 0.001565 0.000235 0.001597 0.000244 0.000609 0.000261 0.000605 0.000259
91.000000 0.001525 0.000223 0.001555 0.000231 0.000596 0.000254 0.000593 0.000254
92.000000 0.001486 0.000218 0.001513 0.000226 0.000572 0.000244 0.000569 0.000245
93.000000 0.001452 0.000219 0.001478 0.000227 0.000553 0.000234 0.000548 0.000234
94.000000 0.001423 0.000216 0.001451 0.000222 0.000537 0.000225 0.000531 0.000224
95.000000 0.001394 0.000206 0.001421 0.000212 0.000523 0.000226 0.000517 0.000225
96.000000 0.001362 0.000200 0.001389 0.000205 0.000510 0.000223 0.000505 0.000222
97.000000 0.001333 0.000202 0.001359 0.000207 0.000491 0.000215 0.000487 0.000214
98.000000 0.001305 0.000196 0.001330 0.000202 0.000481 0.000209 0.000478 0.000208
99.000000 0.001281 0.000191 0.001305 0.000197 0.000463 0.000201 0.000460 0.000200
100.000000 0.001256 0.000189 0.001280 0.000196 0.000453 0.000198 0.000449 0.000197
101.000000 0.001233 0.000187 0.001257 0.000193 0.000444 0.000196 0.000440 0.000194
102.000000 0.001208 0.000182 0.001232 0.000187 0.000431 0.000191 0.000427 0.000189
103.000000 0.001184 0.000177 0.001208 0.000182 0.000422 0.000185 0.000419 0.000184
104.000000 0.001163 0.000174 0.001187 0.000179 0.000410 0.000181 0.000407 0.000181
105.000000 0.001143 0.000171 0.001166 0.000176 0.000403 0.000180 0.000400 0.000180
106.000000 0.001122 0.000167 0.001145 0.000172 0.000391 0.000176 0.000388 0.000175
107.000000 0.001103 0.000167 0.001124 0.000171 0.000382 0.000170 0.000379 0.000169
108.000000 0.001085 0.000164 0.001105 0.000168 0.000374 0.000166 0.000372 0.000164
109.000000 0.001066 0.000160 0.001086 0.000164 0.000366 0.000164 0.000363 0.000163
110.000000 0.001047 0.000156 0.001067 0.000161 0.000358 0.000162 0.000356 0.000161
111.000000 0.001030 0.000155 0.001050 0.000160 0.000350 0.000158 0.000348 0.000157
112.000000 0.001014 0.000152 0.001034 0.000157 0.000343 0.000155 0.000341 0.000154
113.000000 0.000998 0.000149 0.001018 0.000154 0.000335 0.000150 0.000333 0.000149
114.000000 0.000981 0.000147 0.001001 0.000152 0.000328 0.000148 0.000326 0.000146
115.000000 0.000966 0.000145 0.000985 0.000150 0.000322 0.000146 0.000320 0.000144
116.000000 0.000952 0.000142 0.000970 0.000147 0.000316 0.000143 0.000314 0.000141
117.000000 0.000937 0.000139 0.000955 0.000143 0.000310 0.000140 0.000307 0.000138
118.000000 0.000923 0.000137 0.000940 0.000142 0.000303 0.000138 0.000301 0.000136
119.000000 0.000909 0.000135 0.000926 0.000140 0.000298 0.000136 0.000296 0.000134
120.000000 0.000896 0.000133 0.000913 0.000137 0.000292 0.000133 0.000291 0.000131
121.000000 0.000883 0.000131 0.000899 0.000135 0.000287 0.000131 0.000286 0.000129
122.000000 0.000870 0.000129 0.000886 0.000133 0.000282 0.000128 0.000280 0.000126
123.000000 0.000858 0.000127 0.000874 0.000131 0.000277 0.000127 0.000276 0.000124
124.000000 0.000846 0.000125 0.000862 0.000129 0.000273 0.000125 0.000272 0.000123
125.000000 0.000834 0.000123 0.000849 0.000127 0.000269 0.000123 0.000268 0.000121
126.000000 0.000822 0.000121 0.000838 0.000126 0.000267 0.000121 0.000266 0.000119
127.000000 0.000811 0.000119 0.000826 0.000124 0.000267 0.000120 0.000266 0.000119
128.000000 0.000800 0.000118 0.000815 0.000122 0.000275 0.000129 0.000273 0.000128
129.000000 0.000789 0.000116 0.000804 0.000120 0.000297 0.000179 0.000297 0.000180
130.000000 0.000779 0.000114 0.000794 0.000119 0.000364 0.000367 0.000362 0.000366
131.000000 0.000769 0.000113 0.000783 0.000117 0.000526 0.000854 0.000526 0.000858
132.000000 0.000759 0.000111 0.000773 0.000116 0.000950 0.002133 0.000948 0.002131
133.000000 0.000749 0.000110 0.000763 0.000114 0.001669 0.004300 0.001670 0.004306
134.000000 0.000739 0.000108 0.000753 0.000113 0.002972 0.008218 0.002971 0.008220
135.000000 0.000730 0.000107 0.000743 0.000111 0.002685 0.007368 0.002681 0.007362
136.000000 0.000721 0.000105 0.000734 0.000110 0.001593 0.004105 0.001595 0.004114
137.000000 0.000712 0.000104 0.000725 0.000108 0.000258 0.000148 0.000256 0.000146
138.000000 0.000703 0.000103 0.000716 0.000107 0.000951 0.002198 0.000948 0.002193
139.000000 0.000695 0.000102 0.000709 0.000106 0.001899 0.005050 0.001900 0.005056
140.000000 0.000689 0.000101 0.000702 0.000106 0.000701 0.001469 0.000699 0.001465
141.000000 0.000685 0.000104 0.000698 0.000109 0.000313 0.000324 0.000310 0.000319
142.000000 0.000690 0.000121 0.000702 0.000125 0.001136 0.002790 0.001138 0.002799
143.000000 0.000714 0.000194 0.000727 0.000200 0.000718 0.001545 0.000713 0.001534
144.000000 0.000793 0.000440 0.000806 0.000445 0.000215 0.000102 0.000213 0.000099
145.000000 0.001019 0.001134 0.001036 0.001150 0.000669 0.001417 0.000669 0.001420
146.000000 0.001618 0.002951 0.001638 0.002978 0.000594 0.001199 0.000591 0.001193
147.000000 0.002918 0.006873 0.002953 0.006945 0.000210 0.000103 0.000208 0.000100
148.000000 0.004849 0.012687 0.004907 0.012828 0.000441 0.000756 0.000440 0.000756
149.000000 0.004877 0.012792 0.004929 0.012916 0.000472 0.000856 0.000469 0.000847
150.000000 0.002118 0.004537 0.002146 0.004588 0.000210 0.000109 0.000208 0.000106
151.000000 0.000822 0.000673 0.000834 0.000677 0.000335 0.000450 0.000334 0.000449
152.000000 0.002779 0.006559 0.002815 0.006636 0.000393 0.000608 0.000390 0.000602
153.000000 0.002143 0.004670 0.002166 0.004710 0.000230 0.000124 0.000229 0.000123
154.000000 0.000691 0.000344 0.000701 0.000344 0.000337 0.000329 0.000336 0.000328
155.000000 0.002132 0.004677 0.002152 0.004705 0.000491 0.000632 0.000489 0.000632
156.000000 0.001444 0.002633 0.001469 0.002677 0.000594 0.001182 0.000590 0.001177
157.000000 0.000772 0.000637 0.000785 0.000647 0.001043 0.002419 0.001043 0.002423
158.000000 0.001821 0.003795 0.001827 0.003786 0.001661 0.004126 0.001657 0.004120
159.000000 0.000845 0.000883 0.000863 0.000908 0.001701 0.004522 0.001696 0.004510
160.000000 0.001040 0.001476 0.001062 0.001514 0.001267 0.003179 0.001268 0.003185
161.000000 0.001320 0.002306 0.001326 0.002293 0.000414 0.000540 0.000411 0.000535
162.000000 0.000627 0.000235 0.000635 0.000234 0.000316 0.000395 0.000313 0.000392
163.000000 0.001257 0.001944 0.001282 0.001984 0.000880 0.002085 0.000880 0.002090
164.000000 0.000941 0.000872 0.000951 0.000875 0.000811 0.001766 0.000808 0.001761
165.000000 0.001328 0.001748 0.001351 0.001781 0.000276 0.000295 0.000276 0.000297
166.000000 0.002203 0.003927 0.002227 0.003953 0.000277 0.000333 0.000276 0.000333
167.000000 0.003259 0.008028 0.003311 0.008150 0.000628 0.001285 0.000627 0.001285
168.000000 0.004917 0.011947 0.004971 0.012064 0.000475 0.000894 0.000473 0.000889
169.000000 0.003674 0.009143 0.003734 0.009285 0.000166 0.000074 0.000165 0.000072
170.000000 0.001363 0.001753 0.001377 0.001767 0.000382 0.000610 0.000381 0.000610
171.000000 0.001529 0.001973 0.001549 0.001988 0.000488 0.000944 0.000485 0.000939
172.000000 0.003073 0.005978 0.003111 0.006064 0.000202 0.000169 0.000201 0.000169
173.000000 0.002849 0.004150 0.002892 0.004211 0.000240 0.000241 0.000239 0.000241
174.000000 0.003664 0.007824 0.003696 0.007885 0.000408 0.000726 0.000406 0.000722
175.000000 0.006325 0.011959 0.006401 0.012109 0.000233 0.000267 0.000232 0.000266
176.000000 0.005848 0.010827 0.005910 0.010943 0.000171 0.000094 0.000171 0.000093
177.000000 0.004376 0.008113 0.004425 0.008197 0.000313 0.000468 0.000310 0.000464
178.000000 0.007475 0.015750 0.007539 0.015868 0.000241 0.000297 0.000241 0.000297
179.000000 0.008333 0.016556 0.008408 0.016675 0.000145 0.000063 0.000144 0.000062
180.000000 0.003570 0.005388 0.003597 0.005415 0.000231 0.000260 0.000229 0.000256
181.000000 0.002061 0.002243 0.002082 0.002256 0.000233 0.000279 0.000233 0.000280
182.000000 0.005175 0.009001 0.005209 0.009027 0.000144 0.000067 0.000143 0.000064
183.000000 0.002874 0.003435 0.002902 0.003447 0.000173 0.000126 0.000172 0.000123
184.000000 0.003231 0.003583 0.003261 0.003615 0.000214 0.000230 0.000213 0.000232
185.000000 0.006080 0.007069 0.006149 0.007142 0.000157 0.000089 0.000156 0.000086
186.000000 0.005881 0.009596 0.005952 0.009736 0.000148 0.000065 0.000146 0.000063
187.000000 0.008886 0.012225 0.008986 0.012375 0.000205 0.000165 0.000205 0.000165
188.000000 0.008913 0.017805 0.008992 0.017955 0.000219 0.000157 0.000218 0.000154
189.000000 0.006289 0.010337 0.006324 0.010396 0.000278 0.000346 0.000277 0.000346
190.000000 0.006504 0.008312 0.006559 0.008353 0.000548 0.000889 0.000546 0.000883
191.000000 0.009628 0.017733 0.009713 0.017861 0.001169 0.002237 0.001167 0.002235
192.000000 0.011804 0.023027 0.011823 0.023073 0.002398 0.004703 0.002390 0.004680
193.000000 0.006747 0.013243 0.006813 0.013374 0.004547 0.008476 0.004542 0.008468
194.000000 0.003483 0.004443 0.003521 0.004493 0.006754 0.011691 0.006737 0.011669
195.000000 0.005475 0.010215 0.005471 0.010232 0.006523 0.010971 0.006508 0.010931
196.000000 0.004835 0.007534 0.004868 0.007613 0.005695 0.011150 0.005701 0.011159
197.000000 0.003108 0.003109 0.003134 0.003125 0.005236 0.012429 0.005207 0.012381
198.000000 0.004379 0.008576 0.004383 0.008579 0.004347 0.006358 0.004342 0.006350
199.000000 0.003180 0.002834 0.003193 0.002822 0.003344 0.008488 0.003340 0.008493
