# epochs mean_loss std_loss mean_test_loss std_test_loss mean_loss_grad std_loss_grad mean_test_loss_grad std_test_loss_grad
0.000000 6.285606 0.048817 6.312743 0.049925 6.291714 0.017876 6.318762 0.018214
1.000000 5.638574 0.070380 5.655796 0.071931 5.801040 0.092067 5.821513 0.092548
2.000000 4.562745 0.120602 4.563635 0.123006 4.615918 0.237953 4.619880 0.240441
3.000000 2.988654 0.205225 2.966434 0.204810 2.911656 0.256119 2.890377 0.259563
4.000000 1.709897 0.339319 1.671465 0.335949 1.986808 0.240608 1.956893 0.238775
5.000000 1.193642 0.140397 1.166023 0.138234 0.834769 0.212240 0.819829 0.209426
6.000000 1.448811 0.153075 1.434849 0.153443 0.736677 0.196002 0.728518 0.196928
7.000000 1.033691 0.186333 1.029842 0.187377 1.021963 0.078849 1.014836 0.080582
8.000000 0.643941 0.150009 0.642103 0.151660 0.901871 0.141295 0.895693 0.144900
9.000000 0.578850 0.057866 0.575614 0.059362 0.634196 0.158076 0.625605 0.161378
10.000000 0.650368 0.073658 0.646741 0.073550 0.656709 0.074940 0.641777 0.068686
11.000000 0.666197 0.066393 0.664062 0.066595 0.535168 0.049854 0.523396 0.048171
12.000000 0.587844 0.047426 0.587949 0.047988 0.542750 0.099281 0.530048 0.098699
13.000000 0.479813 0.045968 0.481239 0.046715 0.487863 0.054528 0.474019 0.053744
14.000000 0.403286 0.056753 0.404620 0.057730 0.377327 0.040296 0.364118 0.040765
15.000000 0.352038 0.055029 0.353070 0.056351 0.299705 0.048032 0.288558 0.047857
16.000000 0.309666 0.031191 0.310303 0.032641 0.248810 0.034334 0.240038 0.033368
17.000000 0.274560 0.022177 0.274166 0.022049 0.222761 0.024957 0.215953 0.024461
18.000000 0.243873 0.028923 0.242275 0.028826 0.231899 0.026560 0.226620 0.024867
19.000000 0.213362 0.024101 0.210872 0.024530 0.229309 0.030638 0.225009 0.028740
20.000000 0.186872 0.028346 0.183815 0.029366 0.192072 0.032476 0.188257 0.031399
21.000000 0.172137 0.029354 0.168934 0.029884 0.156961 0.027744 0.153599 0.027297
22.000000 0.166009 0.019369 0.163248 0.018932 0.154704 0.020913 0.152159 0.020860
23.000000 0.157851 0.008904 0.156020 0.008388 0.160855 0.017374 0.159127 0.017590
24.000000 0.142807 0.011969 0.142004 0.012930 0.156482 0.013450 0.155207 0.013329
25.000000 0.124772 0.014447 0.124668 0.015496 0.147879 0.023548 0.146780 0.022968
26.000000 0.109308 0.011663 0.109340 0.012366 0.132743 0.025935 0.131617 0.025339
27.000000 0.097733 0.011829 0.097435 0.012329 0.113152 0.017517 0.111860 0.017144
28.000000 0.089727 0.011268 0.089008 0.011658 0.102961 0.009117 0.101551 0.008895
29.000000 0.086215 0.008815 0.085322 0.008877 0.101970 0.009622 0.100564 0.009219
30.000000 0.085340 0.007781 0.084539 0.007773 0.095441 0.012899 0.094055 0.012365
31.000000 0.082382 0.008044 0.081778 0.008151 0.084827 0.014923 0.083500 0.014080
32.000000 0.075822 0.006730 0.075414 0.006743 0.079629 0.017112 0.078391 0.016335
33.000000 0.068798 0.006846 0.068572 0.006582 0.075750 0.013759 0.074455 0.013283
34.000000 0.064046 0.008098 0.063982 0.007689 0.070274 0.009217 0.068828 0.008996
35.000000 0.060955 0.006504 0.061025 0.006029 0.065592 0.009383 0.064156 0.008958
36.000000 0.057827 0.004746 0.058007 0.004487 0.058812 0.011450 0.057562 0.011053
37.000000 0.054081 0.004474 0.054334 0.004545 0.052315 0.010393 0.051265 0.010030
38.000000 0.050066 0.003724 0.050292 0.004025 0.049738 0.009834 0.048820 0.009425
39.000000 0.046736 0.003422 0.046807 0.003756 0.047602 0.008580 0.046747 0.008190
40.000000 0.044827 0.003226 0.044658 0.003392 0.045066 0.005889 0.044268 0.005546
41.000000 0.043596 0.002345 0.043176 0.002482 0.041900 0.006667 0.041233 0.006252
42.000000 0.041737 0.002246 0.041102 0.002367 0.038641 0.007670 0.038195 0.007294
43.000000 0.039093 0.002515 0.038328 0.002506 0.037714 0.007257 0.037473 0.007050
44.000000 0.036390 0.003010 0.035617 0.002943 0.036166 0.005682 0.035969 0.005635
45.000000 0.034177 0.002871 0.033493 0.002755 0.032642 0.004936 0.032330 0.004806
46.000000 0.032640 0.001772 0.032075 0.001585 0.030456 0.005763 0.029999 0.005542
47.000000 0.031606 0.001120 0.031139 0.000889 0.029294 0.005259 0.028742 0.005071
48.000000 0.030591 0.001455 0.030207 0.001297 0.027831 0.004581 0.027277 0.004381
49.000000 0.029343 0.001980 0.029037 0.001905 0.026124 0.004566 0.025628 0.004352
50.000000 0.028080 0.002303 0.027838 0.002312 0.025171 0.005021 0.024723 0.004849
51.000000 0.027056 0.001919 0.026842 0.001995 0.024852 0.005728 0.024447 0.005529
52.000000 0.026264 0.001208 0.026036 0.001272 0.023641 0.005283 0.023296 0.005037
53.000000 0.025499 0.001112 0.025226 0.001098 0.022210 0.004573 0.021911 0.004328
54.000000 0.024555 0.001481 0.024225 0.001499 0.021106 0.004464 0.020815 0.004257
55.000000 0.023498 0.001636 0.023121 0.001681 0.020184 0.004848 0.019879 0.004639
56.000000 0.022559 0.001403 0.022156 0.001429 0.019381 0.004796 0.019068 0.004609
57.000000 0.021770 0.001238 0.021365 0.001212 0.018554 0.004365 0.018261 0.004182
58.000000 0.021095 0.001336 0.020706 0.001262 0.017670 0.004282 0.017428 0.004126
59.000000 0.020584 0.001522 0.020217 0.001443 0.016803 0.004476 0.016618 0.004362
60.000000 0.020105 0.001502 0.019762 0.001459 0.016406 0.004550 0.016252 0.004463
61.000000 0.019455 0.001320 0.019138 0.001327 0.015817 0.004314 0.015658 0.004215
62.000000 0.018701 0.001143 0.018416 0.001186 0.014787 0.004182 0.014612 0.004063
63.000000 0.018034 0.001137 0.017786 0.001185 0.014238 0.004076 0.014067 0.003910
64.000000 0.017508 0.001255 0.017294 0.001292 0.013731 0.003987 0.013584 0.003812
65.000000 0.017085 0.001317 0.016899 0.001352 0.013115 0.003985 0.012993 0.003845
66.000000 0.016712 0.001282 0.016542 0.001322 0.012779 0.003910 0.012672 0.003794
67.000000 0.016307 0.001275 0.016143 0.001316 0.012307 0.003901 0.012202 0.003781
68.000000 0.015850 0.001229 0.015681 0.001264 0.011685 0.003859 0.011578 0.003723
69.000000 0.015419 0.001126 0.015239 0.001153 0.011233 0.003704 0.011128 0.003571
70.000000 0.015059 0.001062 0.014868 0.001086 0.010878 0.003597 0.010787 0.003491
71.000000 0.014723 0.001070 0.014529 0.001098 0.010447 0.003604 0.010385 0.003517
72.000000 0.014384 0.001128 0.014192 0.001160 0.010021 0.003549 0.009988 0.003463
73.000000 0.014043 0.001183 0.013852 0.001208 0.009643 0.003455 0.009625 0.003369
74.000000 0.013699 0.001204 0.013510 0.001215 0.009312 0.003378 0.009297 0.003303
75.000000 0.013384 0.001180 0.013198 0.001173 0.009012 0.003305 0.008997 0.003238
76.000000 0.013094 0.001138 0.012916 0.001117 0.008578 0.003271 0.008565 0.003209
77.000000 0.012794 0.001102 0.012628 0.001077 0.008263 0.003157 0.008248 0.003096
78.000000 0.012502 0.001078 0.012353 0.001062 0.008027 0.003046 0.008005 0.002984
79.000000 0.012235 0.001092 0.012103 0.001093 0.007753 0.002982 0.007728 0.002918
80.000000 0.011978 0.001132 0.011858 0.001150 0.007454 0.002928 0.007438 0.002865
81.000000 0.011736 0.001147 0.011623 0.001178 0.007181 0.002812 0.007173 0.002755
82.000000 0.011497 0.001129 0.011385 0.001165 0.006938 0.002724 0.006933 0.002676
83.000000 0.011249 0.001104 0.011135 0.001139 0.006696 0.002671 0.006693 0.002630
84.000000 0.011014 0.001092 0.010895 0.001122 0.006447 0.002610 0.006451 0.002572
85.000000 0.010789 0.001102 0.010665 0.001122 0.006227 0.002524 0.006238 0.002491
86.000000 0.010564 0.001111 0.010437 0.001120 0.005999 0.002433 0.006011 0.002411
87.000000 0.010353 0.001102 0.010228 0.001103 0.005795 0.002382 0.005806 0.002371
88.000000 0.010158 0.001089 0.010036 0.001085 0.005620 0.002306 0.005634 0.002301
89.000000 0.009959 0.001091 0.009842 0.001084 0.005429 0.002225 0.005448 0.002218
90.000000 0.009758 0.001096 0.009647 0.001091 0.005239 0.002156 0.005266 0.002149
91.000000 0.009567 0.001091 0.009460 0.001090 0.005073 0.002102 0.005106 0.002099
92.000000 0.009385 0.001080 0.009282 0.001081 0.004915 0.002035 0.004951 0.002038
93.000000 0.009207 0.001077 0.009108 0.001078 0.004747 0.001968 0.004785 0.001976
94.000000 0.009036 0.001082 0.008941 0.001082 0.004597 0.001910 0.004638 0.001921
95.000000 0.008870 0.001081 0.008780 0.001079 0.004450 0.001851 0.004489 0.001866
96.000000 0.008705 0.001070 0.008620 0.001067 0.004310 0.001797 0.004348 0.001818
97.000000 0.008543 0.001061 0.008462 0.001057 0.004186 0.001745 0.004225 0.001771
98.000000 0.008387 0.001059 0.008309 0.001054 0.004062 0.001698 0.004103 0.001728
99.000000 0.008234 0.001059 0.008159 0.001052 0.003935 0.001648 0.003978 0.001681
100.000000 0.008083 0.001055 0.008011 0.001045 0.003827 0.001601 0.003874 0.001636
101.000000 0.007939 0.001049 0.007868 0.001036 0.003717 0.001560 0.003765 0.001597
102.000000 0.007800 0.001044 0.007730 0.001028 0.003609 0.001518 0.003655 0.001558
103.000000 0.007663 0.001038 0.007593 0.001021 0.003511 0.001477 0.003555 0.001520
104.000000 0.007528 0.001032 0.007460 0.001015 0.003421 0.001449 0.003464 0.001493
105.000000 0.007395 0.001026 0.007330 0.001011 0.003329 0.001416 0.003374 0.001462
106.000000 0.007267 0.001021 0.007206 0.001008 0.003244 0.001383 0.003291 0.001431
107.000000 0.007143 0.001014 0.007085 0.001004 0.003167 0.001350 0.003215 0.001400
108.000000 0.007021 0.001007 0.006964 0.000998 0.003088 0.001325 0.003136 0.001376
109.000000 0.006901 0.001001 0.006845 0.000991 0.003017 0.001298 0.003065 0.001350
110.000000 0.006784 0.000994 0.006730 0.000982 0.002949 0.001271 0.002997 0.001325
111.000000 0.006671 0.000987 0.006617 0.000972 0.002879 0.001245 0.002926 0.001300
112.000000 0.006559 0.000979 0.006507 0.000963 0.002813 0.001221 0.002859 0.001275
113.000000 0.006449 0.000972 0.006398 0.000955 0.002749 0.001193 0.002795 0.001247
114.000000 0.006342 0.000964 0.006292 0.000946 0.002687 0.001167 0.002732 0.001220
115.000000 0.006237 0.000956 0.006190 0.000938 0.002624 0.001141 0.002668 0.001195
116.000000 0.006135 0.000948 0.006091 0.000930 0.002563 0.001115 0.002605 0.001169
117.000000 0.006035 0.000940 0.005993 0.000922 0.002504 0.001089 0.002545 0.001142
118.000000 0.005937 0.000931 0.005896 0.000914 0.002446 0.001063 0.002486 0.001116
119.000000 0.005841 0.000922 0.005802 0.000905 0.002390 0.001041 0.002430 0.001094
120.000000 0.005746 0.000914 0.005708 0.000897 0.002337 0.001019 0.002374 0.001072
121.000000 0.005654 0.000907 0.005617 0.000889 0.002287 0.000997 0.002322 0.001050
122.000000 0.005564 0.000898 0.005529 0.000881 0.002237 0.000977 0.002272 0.001029
123.000000 0.005475 0.000888 0.005441 0.000872 0.002190 0.000957 0.002226 0.001008
124.000000 0.005388 0.000880 0.005355 0.000863 0.002144 0.000939 0.002179 0.000989
125.000000 0.005302 0.000871 0.005271 0.000855 0.002098 0.000920 0.002131 0.000970
126.000000 0.005219 0.000862 0.005189 0.000846 0.002053 0.000901 0.002086 0.000951
127.000000 0.005136 0.000853 0.005109 0.000837 0.002010 0.000884 0.002042 0.000933
128.000000 0.005055 0.000845 0.005030 0.000829 0.001968 0.000866 0.001999 0.000914
129.000000 0.004976 0.000836 0.004952 0.000820 0.001928 0.000849 0.001958 0.000897
130.000000 0.004898 0.000828 0.004876 0.000811 0.001888 0.000833 0.001917 0.000880
131.000000 0.004822 0.000819 0.004801 0.000802 0.001850 0.000818 0.001878 0.000864
132.000000 0.004747 0.000810 0.004727 0.000793 0.001813 0.000802 0.001840 0.000847
133.000000 0.004673 0.000801 0.004654 0.000784 0.001776 0.000787 0.001803 0.000831
134.000000 0.004601 0.000793 0.004583 0.000776 0.001741 0.000772 0.001766 0.000816
135.000000 0.004530 0.000784 0.004513 0.000768 0.001706 0.000758 0.001731 0.000800
136.000000 0.004460 0.000775 0.004445 0.000760 0.001672 0.000743 0.001696 0.000785
137.000000 0.004392 0.000767 0.004377 0.000751 0.001639 0.000729 0.001661 0.000770
138.000000 0.004324 0.000758 0.004311 0.000743 0.001607 0.000716 0.001628 0.000755
139.000000 0.004258 0.000750 0.004246 0.000734 0.001576 0.000702 0.001597 0.000741
140.000000 0.004193 0.000741 0.004182 0.000725 0.001545 0.000689 0.001566 0.000727
141.000000 0.004129 0.000732 0.004119 0.000717 0.001516 0.000677 0.001535 0.000713
142.000000 0.004066 0.000724 0.004057 0.000708 0.001489 0.000665 0.001508 0.000701
143.000000 0.004005 0.000715 0.003997 0.000700 0.001466 0.000658 0.001483 0.000691
144.000000 0.003944 0.000707 0.003937 0.000692 0.001450 0.000657 0.001469 0.000692
145.000000 0.003885 0.000698 0.003878 0.000683 0.001426 0.000648 0.001442 0.000679
146.000000 0.003826 0.000689 0.003821 0.000675 0.001391 0.000626 0.001409 0.000659
147.000000 0.003769 0.000681 0.003764 0.000666 0.001352 0.000603 0.001368 0.000634
148.000000 0.003713 0.000672 0.003709 0.000658 0.001332 0.000595 0.001347 0.000625
149.000000 0.003657 0.000664 0.003654 0.000649 0.001319 0.000594 0.001335 0.000625
150.000000 0.003603 0.000655 0.003601 0.000641 0.001291 0.000579 0.001304 0.000605
151.000000 0.003550 0.000647 0.003548 0.000633 0.001258 0.000559 0.001272 0.000586
152.000000 0.003497 0.000638 0.003496 0.000624 0.001235 0.000548 0.001248 0.000574
153.000000 0.003446 0.000630 0.003445 0.000616 0.001221 0.000543 0.001232 0.000567
154.000000 0.003395 0.000622 0.003395 0.000608 0.001201 0.000534 0.001214 0.000559
155.000000 0.003346 0.000613 0.003346 0.000600 0.001173 0.000517 0.001183 0.000540
156.000000 0.003297 0.000605 0.003298 0.000592 0.001152 0.000504 0.001162 0.000526
157.000000 0.003249 0.000597 0.003251 0.000584 0.001141 0.000495 0.001152 0.000517
158.000000 0.003202 0.000589 0.003204 0.000576 0.001137 0.000481 0.001147 0.000501
159.000000 0.003156 0.000580 0.003158 0.000568 0.001146 0.000469 0.001156 0.000487
160.000000 0.003111 0.000572 0.003113 0.000560 0.001184 0.000507 0.001195 0.000523
161.000000 0.003066 0.000564 0.003069 0.000553 0.001239 0.000631 0.001247 0.000636
162.000000 0.003022 0.000556 0.003026 0.000545 0.001255 0.000693 0.001268 0.000707
163.000000 0.002980 0.000548 0.002983 0.000537 0.001167 0.000541 0.001174 0.000548
164.000000 0.002937 0.000541 0.002942 0.000530 0.001042 0.000423 0.001051 0.000440
165.000000 0.002896 0.000533 0.002900 0.000522 0.000987 0.000425 0.000994 0.000443
166.000000 0.002855 0.000525 0.002860 0.000515 0.001024 0.000412 0.001029 0.000425
167.000000 0.002816 0.000518 0.002820 0.000508 0.001068 0.000465 0.001077 0.000478
168.000000 0.002776 0.000510 0.002782 0.000501 0.001037 0.000436 0.001040 0.000445
169.000000 0.002738 0.000503 0.002743 0.000494 0.000958 0.000386 0.000964 0.000401
170.000000 0.002700 0.000495 0.002706 0.000487 0.000910 0.000388 0.000914 0.000405
171.000000 0.002663 0.000488 0.002669 0.000480 0.000923 0.000371 0.000926 0.000385
172.000000 0.002627 0.000481 0.002633 0.000473 0.000947 0.000380 0.000953 0.000393
173.000000 0.002591 0.000474 0.002597 0.000467 0.000927 0.000370 0.000929 0.000380
174.000000 0.002556 0.000467 0.002562 0.000460 0.000877 0.000353 0.000882 0.000367
175.000000 0.002521 0.000460 0.002528 0.000454 0.000842 0.000356 0.000845 0.000370
176.000000 0.002487 0.000454 0.002494 0.000448 0.000844 0.000342 0.000846 0.000355
177.000000 0.002454 0.000447 0.002461 0.000442 0.000854 0.000335 0.000858 0.000347
178.000000 0.002421 0.000441 0.002428 0.000436 0.000841 0.000329 0.000843 0.000340
179.000000 0.002389 0.000434 0.002396 0.000430 0.000808 0.000321 0.000810 0.000333
180.000000 0.002357 0.000428 0.002365 0.000424 0.000779 0.000323 0.000780 0.000336
181.000000 0.002326 0.000422 0.002334 0.000418 0.000771 0.000315 0.000773 0.000328
182.000000 0.002296 0.000416 0.002304 0.000413 0.000775 0.000304 0.000777 0.000316
183.000000 0.002266 0.000410 0.002274 0.000407 0.000771 0.000299 0.000772 0.000310
184.000000 0.002237 0.000404 0.002245 0.000402 0.000753 0.000294 0.000754 0.000305
185.000000 0.002208 0.000399 0.002216 0.000397 0.000730 0.000294 0.000732 0.000306
186.000000 0.002179 0.000393 0.002187 0.000391 0.000716 0.000293 0.000716 0.000304
187.000000 0.002151 0.000388 0.002160 0.000386 0.000713 0.000285 0.000715 0.000297
188.000000 0.002124 0.000382 0.002132 0.000382 0.000713 0.000278 0.000713 0.000289
189.000000 0.002097 0.000377 0.002105 0.000377 0.000710 0.000275 0.000712 0.000287
190.000000 0.002071 0.000372 0.002079 0.000372 0.000698 0.000274 0.000697 0.000283
191.000000 0.002045 0.000367 0.002053 0.000368 0.000683 0.000273 0.000685 0.000286
192.000000 0.002019 0.000363 0.002028 0.000363 0.000667 0.000269 0.000666 0.000279
193.000000 0.001994 0.000358 0.002003 0.000359 0.000654 0.000259 0.000655 0.000271
194.000000 0.001969 0.000353 0.001978 0.000355 0.000643 0.000248 0.000643 0.000258
195.000000 0.001945 0.000349 0.001954 0.000351 0.000634 0.000239 0.000634 0.000250
196.000000 0.001921 0.000345 0.001930 0.000347 0.000626 0.000234 0.000626 0.000244
197.000000 0.001898 0.000340 0.001907 0.000343 0.000617 0.000231 0.000616 0.000241
198.000000 0.001875 0.000336 0.001884 0.000339 0.000608 0.000229 0.000609 0.000240
199.000000 0.001852 0.000332 0.001861 0.000335 0.000600 0.000228 0.000598 0.000238
