# epochs mean_loss std_loss mean_test_loss std_test_loss mean_loss_grad std_loss_grad mean_test_loss_grad std_test_loss_grad
0.000000 14156.149707 0.124791 14172.504980 0.116146 14156.031934 0.167020 14172.381055 0.169250
1.000000 14152.641699 0.265509 14169.033496 0.235296 14153.394141 0.488646 14169.737207 0.503652
2.000000 14148.269238 0.502313 14164.696289 0.472182 14148.519434 1.192543 14164.850684 1.233984
3.000000 14141.774414 0.872769 14158.241895 0.848011 14139.337207 2.429911 14155.648828 2.518207
4.000000 14131.905078 1.479929 14148.425195 1.463995 14123.612207 4.424598 14139.894824 4.581091
5.000000 14117.153613 2.477425 14133.748828 2.472922 14098.558594 7.599358 14114.799707 7.846809
6.000000 14095.588281 4.088726 14112.294629 4.098619 14060.309961 12.862168 14076.493164 13.217461
7.000000 14064.683984 6.608377 14081.554297 6.636834 14003.247461 21.156708 14019.360156 21.632208
8.000000 14021.207520 10.346607 14038.311719 10.402424 13921.189355 32.212069 13937.222363 32.849348
9.000000 13961.232422 15.533142 13978.653906 15.628996 13808.509180 45.086259 13824.424707 45.984979
10.000000 13880.312598 22.291878 13898.151465 22.449599 13658.029785 60.175129 13673.745117 61.470704
11.000000 13773.748340 30.652405 13792.121484 30.902375 13459.261816 79.013863 13474.688184 80.850959
12.000000 13636.900195 40.448889 13655.954883 40.823298 13199.839746 101.973553 13214.923535 104.517968
13.000000 13465.681055 51.100425 13485.601758 51.619673 12868.890723 126.940140 12883.679883 130.435611
14.000000 13257.348145 61.378020 13278.361328 61.997670 12458.358887 151.909093 12473.020898 156.997235
15.000000 13011.429980 69.595560 13033.794727 70.062956 11957.501270 180.904688 11972.215234 188.269567
16.000000 12730.182617 75.761668 12754.181250 75.267986 11353.396777 216.757221 11368.246875 226.031897
17.000000 12418.094141 87.462315 12444.009668 84.516786 10638.833008 253.849433 10653.577246 264.930688
18.000000 12079.604687 115.691635 12107.718652 109.925476 9807.501172 291.211874 9821.576953 304.932075
19.000000 11718.148926 151.304751 11748.687109 143.744311 8863.319043 330.014619 8876.332422 346.537526
20.000000 11341.897070 182.252056 11374.936816 173.968094 7819.995264 366.260073 7832.069824 384.691538
21.000000 10964.371777 215.559843 10999.860547 208.201547 6700.156836 395.087919 6711.476514 414.330820
22.000000 10595.096777 262.543717 10632.816797 258.185884 5540.072461 413.290232 5550.521436 432.266429
23.000000 10232.697949 308.258603 10272.152734 308.337329 4392.520947 414.018573 4402.305591 431.493011
24.000000 9878.078027 341.216719 9918.540234 346.163197 3332.798486 386.178403 3342.140039 400.468851
25.000000 9534.254688 386.384132 9575.139453 394.951187 2460.353528 323.309110 2468.626990 332.897462
26.000000 9195.801855 456.368113 9236.663477 466.404508 1881.101184 237.128956 1887.769006 240.556455
27.000000 8863.334570 529.750519 8903.432324 540.558981 1650.056970 186.299712 1654.414307 184.725004
28.000000 8548.866895 585.809292 8587.573437 597.746871 1682.523096 201.104587 1684.777197 202.947236
29.000000 8257.219531 628.211172 8294.583398 641.544260 1745.069324 197.143442 1744.957324 201.505827
30.000000 7988.892041 672.755935 8025.408740 686.596371 1634.223450 181.383719 1631.602917 183.960056
31.000000 7735.925635 712.833299 7771.897607 725.860536 1345.567456 195.270397 1341.533746 193.752217
32.000000 7481.314648 742.457766 7517.034766 754.267533 1012.231464 200.411841 1007.260242 196.967734
33.000000 7227.923096 775.174808 7263.932910 785.754346 743.200873 174.050430 738.225366 170.239380
34.000000 6976.790186 810.625311 7013.865137 819.928217 570.375757 127.509520 566.704141 123.813734
35.000000 6721.876074 834.559822 6760.482178 842.739693 486.965091 76.124777 484.581693 72.894325
36.000000 6473.575391 845.878010 6513.701221 853.286931 474.438998 41.946036 473.018610 39.232310
37.000000 6231.732666 852.550509 6273.393994 859.233818 507.370117 49.706152 506.681262 47.859412
38.000000 5998.012646 852.836420 6041.047607 857.703214 557.942188 67.467393 557.997342 65.343522
39.000000 5778.980518 856.543933 5822.652295 858.592103 603.344397 78.402262 604.023376 75.737852
40.000000 5571.951294 868.977202 5614.974146 868.374505 629.413528 86.429977 630.521796 83.408455
41.000000 5378.159253 877.663393 5419.577417 875.147970 631.522769 95.794097 632.858319 92.760019
42.000000 5193.534058 888.416944 5233.446729 885.145952 613.195392 103.812902 614.553757 100.984669
43.000000 5014.785181 902.087248 5054.100342 898.825190 582.551895 104.639976 583.750891 102.044652
44.000000 4837.807593 913.542285 4877.152441 910.757022 547.750436 95.852231 548.653207 93.417332
45.000000 4662.929370 921.860692 4702.001001 920.006587 514.413931 79.653300 514.900131 77.304569
46.000000 4489.568628 918.930074 4527.666333 918.025963 484.418719 61.798871 484.390683 59.490777
47.000000 4315.488696 906.941816 4352.137842 906.757694 456.473190 48.587148 455.943134 46.382116
48.000000 4140.151636 887.944531 4175.018701 888.243651 428.460703 42.521425 427.562982 40.461642
49.000000 3963.334692 861.426358 3996.358521 862.204240 399.245016 41.320507 398.150479 39.234166
50.000000 3790.939331 827.117853 3822.578564 828.522379 369.554053 42.586339 368.430246 40.339541
51.000000 3627.195923 783.657969 3657.945703 785.992910 341.640253 44.843163 340.657367 42.540790
52.000000 3479.386353 738.236112 3509.447876 741.508957 317.930444 45.538663 317.209525 43.363828
53.000000 3345.767554 698.207838 3375.124341 702.188769 299.920280 42.118889 299.482367 40.147928
54.000000 3223.286377 674.565909 3252.001709 679.343319 287.671394 34.258297 287.467673 32.478720
55.000000 3104.618359 668.405882 3132.898413 674.240922 279.992056 24.416725 279.958719 22.803272
56.000000 2984.014136 676.772309 3012.048157 683.832213 275.176880 16.917462 275.261942 15.571767
57.000000 2857.382434 688.237707 2885.186926 696.516902 271.715907 15.147467 271.880377 14.340665
58.000000 2726.022803 690.717894 2753.477209 699.858691 268.647200 17.204241 268.861421 16.816328
59.000000 2593.357849 674.343383 2620.137048 683.631626 265.532249 20.383875 265.778452 20.202125
60.000000 2464.219592 641.811773 2489.812939 650.682447 262.212457 23.943901 262.479239 23.860586
61.000000 2336.566565 602.197819 2360.560461 610.460255 258.543665 27.153884 258.812480 27.091029
62.000000 2204.615552 566.772506 2226.839197 574.729903 254.229861 29.333343 254.483368 29.226874
63.000000 2064.780298 539.361082 2085.151343 547.688477 248.862502 30.328214 249.084813 30.138633
64.000000 1922.103674 522.022795 1940.624506 531.445836 242.149875 30.306417 242.308159 30.003025
65.000000 1788.025385 514.057110 1804.921539 524.952999 234.110687 29.551960 234.177055 29.099449
66.000000 1676.054364 515.130741 1691.675226 527.394255 225.129015 28.525473 225.103105 27.924024
67.000000 1591.848816 522.221563 1606.512744 535.249116 215.920880 27.740443 215.796262 27.033355
68.000000 1531.039490 528.312700 1544.976910 541.325082 207.315184 27.355100 207.066466 26.601591
69.000000 1479.830084 521.578968 1493.321240 533.959558 199.864345 27.066152 199.489211 26.311347
70.000000 1425.448798 497.274044 1438.777521 509.056878 193.701831 26.515705 193.236624 25.770899
71.000000 1362.304871 460.803998 1375.635583 472.579588 188.614664 25.588752 188.108188 24.836840
72.000000 1295.326031 424.662236 1308.828143 436.839221 184.185571 24.369131 183.671538 23.600439
73.000000 1234.485492 398.800961 1248.387866 411.220110 180.032117 23.027100 179.517444 22.261086
74.000000 1187.792365 387.165877 1202.285382 399.544905 176.011424 21.731429 175.495361 20.995565
75.000000 1157.026288 385.418985 1172.238171 397.718823 172.240782 20.612349 171.740660 19.913928
76.000000 1138.031018 383.848430 1153.973749 396.144886 168.947762 19.747568 168.491159 19.078380
77.000000 1123.779980 374.772324 1140.168683 387.125851 166.247533 19.162896 165.849551 18.518289
78.000000 1106.321204 356.246917 1122.718414 368.433710 163.995073 18.881823 163.657243 18.264488
79.000000 1080.183008 330.914794 1096.181482 342.421479 161.853897 18.901110 161.573489 18.320630
80.000000 1044.168970 300.689971 1059.512067 311.102444 159.511861 19.086347 159.286264 18.559951
81.000000 1001.690802 265.348774 1016.252319 274.560819 156.850185 19.192975 156.677670 18.741355
82.000000 957.871167 224.733822 971.553711 232.754111 153.965404 19.018888 153.843028 18.660607
83.000000 916.535376 179.515614 929.252606 186.233696 151.061168 18.517100 150.983098 18.262204
84.000000 879.190540 131.671686 890.898871 136.923722 148.303077 17.796287 148.261520 17.641275
85.000000 846.117267 85.363226 856.768701 89.019935 145.737404 17.038115 145.724624 16.968594
86.000000 818.001953 49.095620 827.564050 51.087224 143.310356 16.379776 143.319883 16.381730
87.000000 796.920258 34.567049 805.521350 35.327588 140.945750 15.832442 140.972964 15.901422
88.000000 785.595361 34.798304 793.557623 35.794773 138.609632 15.303397 138.651888 15.441387
89.000000 785.054980 40.314740 792.748615 42.045070 136.323447 14.704072 136.378884 14.907879
90.000000 791.378326 62.303808 799.101868 64.319671 134.136710 14.039533 134.202135 14.293041
91.000000 795.919312 87.790268 803.833234 90.034791 132.090302 13.402250 132.160583 13.680937
92.000000 790.992426 97.077199 799.067047 99.334770 130.193102 12.893084 130.262688 13.176612
93.000000 775.589618 86.032774 783.670813 87.893215 128.419026 12.545461 128.483199 12.825837
94.000000 754.708978 63.582616 762.690289 64.816788 126.720661 12.307749 126.775102 12.587469
95.000000 734.589777 41.395228 742.512769 42.065403 125.050098 12.088484 125.090530 12.374377
96.000000 719.283215 26.527665 727.270044 26.805532 123.378878 11.822899 123.401845 12.120868
97.000000 709.767456 19.449743 717.925775 19.489162 121.708335 11.506166 121.712222 11.817828
98.000000 704.959326 17.649801 713.369183 17.658270 120.062276 11.176691 120.047297 11.498248
99.000000 702.941254 19.703833 711.644275 19.938407 118.464892 10.874108 118.432332 11.198060
100.000000 701.882092 23.987208 710.867334 24.562330 116.921025 10.606995 116.872755 10.925706
101.000000 700.443011 28.479774 709.660150 29.334977 115.415238 10.351809 115.354021 10.660281
102.000000 697.851770 31.722759 707.228674 32.741726 113.929097 10.078666 113.858812 10.375006
103.000000 693.860211 32.953692 703.309705 34.027448 112.458992 9.777977 112.384115 10.062024
104.000000 688.588519 31.936144 698.033502 32.966587 111.018740 9.464727 110.943359 9.736809
105.000000 682.401886 28.918029 691.787164 29.808135 109.627303 9.162073 109.554314 9.422764
106.000000 675.790564 24.590147 685.062555 25.231288 108.294203 8.883757 108.225167 9.133911
107.000000 669.281293 19.969166 678.395563 20.256096 107.014213 8.629085 106.949601 8.869217
108.000000 663.364581 16.167688 672.316809 16.044481 105.772740 8.389439 105.712264 8.618978
109.000000 658.401813 13.876901 667.215613 13.358614 104.556001 8.157740 104.498958 8.374930
110.000000 654.550647 12.984759 663.249860 12.151492 103.358646 7.932836 103.304245 8.135505
111.000000 651.706970 12.976931 660.326849 11.963412 102.184197 7.717449 102.131992 7.903998
112.000000 649.527277 13.549930 658.118890 12.524024 101.038689 7.513894 100.988925 7.684057
113.000000 647.538605 14.452354 656.137994 13.531387 99.923022 7.321343 99.876741 7.476471
114.000000 645.304004 15.252550 653.928864 14.451639 98.831084 7.135932 98.789745 7.278602
115.000000 642.575702 15.565844 651.246814 14.852499 97.755166 6.953605 97.720002 7.086725
116.000000 639.349609 15.314254 648.084375 14.651086 96.692896 6.773374 96.664317 6.899070
117.000000 635.817200 14.723149 644.621680 14.065363 95.648489 6.597490 95.625930 6.716472
118.000000 632.250372 14.116347 641.136108 13.421454 94.627628 6.428745 94.609989 6.540436
119.000000 628.887469 13.709152 637.873712 12.961585 93.631892 6.267920 93.618326 6.371063
120.000000 625.866650 13.537044 634.963892 12.746709 92.658075 6.113693 92.648637 6.206841
121.000000 623.209778 13.532680 632.417969 12.711319 91.701763 5.964637 91.697708 6.046468
122.000000 620.848987 13.625644 630.167468 12.779154 90.760830 5.820915 90.764399 5.890465
123.000000 618.666943 13.778138 628.095331 12.916753 89.836087 5.683658 89.849940 5.740575
124.000000 616.538318 13.968132 626.067810 13.106792 88.929724 5.553179 88.956205 5.597613
125.000000 614.362482 14.172166 623.972681 13.317747 88.043283 5.428277 88.083790 5.460573
126.000000 612.080280 14.366767 621.750293 13.517227 87.176357 5.307342 87.230992 5.327883
127.000000 609.681335 14.540746 619.397784 13.693833 86.326566 5.189720 86.394279 5.199155
128.000000 607.197101 14.699874 616.947473 13.854389 85.491623 5.075923 85.570782 5.075387
129.000000 604.686090 14.858701 614.455145 14.012544 84.671641 4.966489 84.760725 4.957377
130.000000 602.213672 15.028832 611.992206 14.179533 83.868531 4.860758 83.966604 4.844263
131.000000 599.831409 15.212264 609.621613 14.359278 83.082935 4.757031 83.189734 4.733912
132.000000 597.563861 15.404882 607.373041 14.548631 82.312682 4.654097 82.428409 4.624791
133.000000 595.403442 15.602504 605.236810 14.743473 81.554749 4.552371 81.679659 4.517118
134.000000 593.317780 15.804605 603.181763 14.947389 80.808175 4.453312 80.942116 4.412149
135.000000 591.262384 16.013538 601.169751 15.165623 80.074321 4.357801 80.216491 4.310708
136.000000 589.196942 16.232042 599.159924 15.396855 79.354620 4.265419 79.503628 4.212704
137.000000 587.096735 16.461128 597.120471 15.639033 78.648705 4.175296 78.802931 4.117972
138.000000 584.957520 16.698948 595.046405 15.890892 77.954893 4.087264 78.112968 4.027145
139.000000 582.792755 16.941466 592.954358 16.145140 77.271877 4.001987 77.432987 3.941270
140.000000 580.625494 17.183924 590.864246 16.392771 76.599542 3.920071 76.763505 3.860695
141.000000 578.478412 17.423073 588.794611 16.632216 75.938386 3.841322 76.105401 3.784394
142.000000 576.366321 17.657826 586.761523 16.866114 75.288486 3.764929 75.458799 3.710458
143.000000 574.292230 17.889787 584.768329 17.096450 74.649071 3.690204 74.822716 3.637298
144.000000 572.248755 18.121839 582.803711 17.326116 74.019033 3.617060 74.195730 3.564472
145.000000 570.222180 18.357268 580.852637 17.560258 73.397668 3.545892 73.576979 3.492640
146.000000 568.197882 18.598296 578.902063 17.802511 72.785040 3.477041 72.966608 3.422862
147.000000 566.164917 18.845539 576.939667 18.052263 72.181531 3.410388 72.365302 3.355892
148.000000 564.118658 19.098161 574.958337 18.305796 71.587141 3.345523 71.773428 3.291963
149.000000 562.060974 19.354340 572.961395 18.560358 71.001328 3.282177 71.190685 3.231031
150.000000 559.998083 19.612068 570.957428 18.813871 70.423475 3.220513 70.616480 3.172932
151.000000 557.937720 19.869984 568.953540 19.063223 69.853371 3.160864 70.050415 3.117270
152.000000 555.886005 20.127578 566.955585 19.307026 69.291205 3.103292 69.492369 3.063300
153.000000 553.845447 20.385068 564.968671 19.547183 68.737093 3.047554 68.942181 3.010204
154.000000 551.814789 20.643093 562.993073 19.785848 68.190793 2.993401 68.399464 2.957647
155.000000 549.789862 20.902327 561.023895 20.024398 67.651828 2.940838 67.863744 2.905918
156.000000 547.765546 21.163087 559.056396 20.264571 67.119864 2.889989 67.334780 2.855626
157.000000 545.737469 21.425418 557.087683 20.508051 66.594855 2.840861 66.812634 2.807189
158.000000 543.703314 21.689011 555.115424 20.755104 66.076829 2.793296 66.297392 2.760591
159.000000 541.663037 21.953487 553.138763 21.004734 65.565633 2.747103 65.788892 2.715511
160.000000 539.618338 22.218309 551.159558 21.256259 65.060910 2.702212 65.286742 2.671545
161.000000 537.571365 22.483144 549.180157 21.509692 64.562349 2.658655 64.790592 2.628351
162.000000 535.523972 22.747774 547.201825 21.764472 64.069846 2.616473 64.300340 2.585686
163.000000 533.476810 23.012175 545.224994 22.019559 63.583407 2.575653 63.816003 2.543446
164.000000 531.429355 23.276575 543.248578 22.274626 63.102990 2.536165 63.337553 2.501712
165.000000 529.380289 23.541266 541.270410 22.530098 62.628440 2.497992 62.864837 2.460728
166.000000 527.328006 23.806481 539.288742 22.785460 62.159587 2.461163 62.397674 2.420807
167.000000 525.271207 24.072261 537.302039 23.039571 61.696302 2.425670 61.935949 2.382165
168.000000 523.209256 24.338453 535.308990 23.292389 61.238520 2.391478 61.479640 2.344849
169.000000 521.142249 24.604824 533.309442 23.543866 60.786185 2.358532 61.028754 2.308806
170.000000 519.070728 24.871217 531.304172 23.793318 60.339198 2.326808 60.583257 2.273965
171.000000 516.995316 25.137723 529.293655 24.040759 59.897411 2.296299 60.143017 2.240280
172.000000 514.916293 25.404252 527.278012 24.287192 59.460691 2.266977 59.707858 2.207704
173.000000 512.833423 25.670541 525.257236 24.533060 59.028971 2.238796 59.277631 2.176221
174.000000 510.746234 25.936240 523.231161 24.778587 58.602221 2.211716 58.852221 2.145861
175.000000 508.654276 26.201031 521.199500 25.024575 58.180364 2.185717 58.431525 2.116697
176.000000 506.557318 26.464723 519.162015 25.271618 57.763280 2.160786 58.015472 2.088791
177.000000 504.455261 26.727148 517.118756 25.519407 57.350865 2.136887 57.604067 2.062152
178.000000 502.348111 26.988130 515.069962 25.767408 56.943045 2.113973 57.197351 2.036740
179.000000 500.235858 27.247564 513.015588 26.015216 56.539761 2.092025 56.795328 2.012498
180.000000 498.118307 27.505361 510.955496 26.262338 56.140926 2.071041 56.397888 1.989379
181.000000 495.995248 27.761485 508.889603 26.508432 55.746444 2.051013 56.004842 1.967324
182.000000 493.866388 28.015992 506.817508 26.753551 55.356218 2.031919 55.615998 1.946273
183.000000 491.731439 28.268809 504.738699 26.997665 54.970170 2.013728 55.231233 1.926195
184.000000 489.590155 28.519917 502.652911 27.240727 54.588233 1.996430 54.850500 1.907099
185.000000 487.442392 28.769321 500.559714 27.482784 54.210333 1.980018 54.473801 1.889015
186.000000 485.288040 29.016860 498.458643 27.723790 53.836373 1.964475 54.101134 1.871948
187.000000 483.127118 29.262520 496.349573 27.963610 53.466273 1.949773 53.732451 1.855877
188.000000 480.959540 29.506254 494.232556 28.202217 53.099963 1.935900 53.367659 1.840769
189.000000 478.785242 29.748063 492.107443 28.439758 52.737387 1.922830 53.006609 1.826578
190.000000 476.604071 29.988002 489.974203 28.676378 52.378485 1.910561 52.649152 1.813267
191.000000 474.415860 30.226187 487.833047 28.912038 52.023191 1.899067 52.295180 1.800801
192.000000 472.220416 30.462675 485.684149 29.146718 51.671464 1.888330 51.944653 1.789158
193.000000 470.017587 30.697567 483.527667 29.380558 51.323261 1.878321 51.597591 1.778322
194.000000 467.807217 30.930993 481.363617 29.613733 50.978528 1.869003 51.254024 1.768268
195.000000 465.589191 31.163097 479.191635 29.846377 50.637202 1.860337 50.913932 1.758963
196.000000 463.363373 31.394056 477.011679 30.078584 50.299226 1.852269 50.577259 1.750359
197.000000 461.129669 31.624048 474.823737 30.310438 49.964536 1.844756 50.243906 1.742402
198.000000 458.887885 31.853161 472.627365 30.542102 49.633080 1.837739 49.913770 1.735022
199.000000 456.637766 32.081468 470.421872 30.773547 49.304800 1.831168 49.586749 1.728162
