# epochs mean_loss std_loss mean_test_loss std_test_loss mean_loss_grad std_loss_grad mean_test_loss_grad std_test_loss_grad
0.000000 0.533190 0.043147 0.534820 0.042128 0.529837 0.005475 0.531531 0.005335
1.000000 0.407649 0.038501 0.411430 0.037545 0.442797 0.011513 0.445924 0.011406
2.000000 0.289415 0.036737 0.295387 0.036019 0.333583 0.021864 0.338606 0.021814
3.000000 0.206942 0.024568 0.214041 0.025052 0.220596 0.020513 0.227664 0.021024
4.000000 0.173539 0.024132 0.178103 0.025037 0.185225 0.014179 0.190871 0.013561
5.000000 0.120037 0.020780 0.121803 0.021887 0.148095 0.023875 0.150161 0.024119
6.000000 0.109576 0.015664 0.110638 0.016304 0.099068 0.012167 0.099690 0.012599
7.000000 0.110962 0.014523 0.111571 0.014260 0.104080 0.014980 0.104307 0.014911
8.000000 0.094029 0.016896 0.094135 0.016747 0.110620 0.009234 0.110782 0.009362
9.000000 0.075173 0.014260 0.075079 0.014461 0.090026 0.015235 0.090251 0.015607
10.000000 0.063793 0.009024 0.063609 0.008942 0.060879 0.015959 0.061271 0.016239
11.000000 0.058932 0.008926 0.058800 0.008671 0.045325 0.008073 0.045925 0.008344
12.000000 0.054702 0.007139 0.054784 0.007051 0.048888 0.006443 0.049566 0.006620
13.000000 0.049083 0.004997 0.049420 0.005042 0.054807 0.008070 0.055312 0.008112
14.000000 0.043695 0.004213 0.044297 0.004142 0.050486 0.004432 0.050701 0.004518
15.000000 0.039847 0.004378 0.040753 0.004816 0.040856 0.005580 0.040859 0.005624
16.000000 0.036305 0.004348 0.037392 0.004822 0.034307 0.004662 0.034229 0.004561
17.000000 0.032744 0.003381 0.033807 0.003479 0.033706 0.003215 0.033626 0.003234
18.000000 0.029352 0.003177 0.030199 0.003176 0.036155 0.005695 0.036082 0.005769
19.000000 0.026542 0.003776 0.027086 0.003918 0.037779 0.004859 0.037710 0.004860
20.000000 0.024667 0.002948 0.024984 0.003082 0.036290 0.004334 0.036232 0.004277
21.000000 0.023239 0.003190 0.023441 0.003308 0.031891 0.003258 0.031853 0.003219
22.000000 0.021621 0.002393 0.021763 0.002509 0.027478 0.001385 0.027473 0.001403
23.000000 0.019962 0.002287 0.020082 0.002340 0.025037 0.001583 0.025082 0.001627
24.000000 0.018354 0.002931 0.018473 0.002993 0.024048 0.002199 0.024152 0.002238
25.000000 0.016987 0.002232 0.017116 0.002335 0.023438 0.001909 0.023585 0.001952
26.000000 0.015872 0.001501 0.016012 0.001586 0.022860 0.002207 0.023009 0.002297
27.000000 0.014597 0.001456 0.014724 0.001480 0.022161 0.002719 0.022267 0.002851
28.000000 0.012934 0.001736 0.013018 0.001764 0.021199 0.002137 0.021242 0.002267
29.000000 0.011278 0.001596 0.011315 0.001632 0.020143 0.001772 0.020122 0.001841
30.000000 0.010222 0.001272 0.010230 0.001314 0.019209 0.001393 0.019124 0.001391
31.000000 0.009674 0.001298 0.009672 0.001334 0.018407 0.000931 0.018260 0.000912
32.000000 0.009168 0.001496 0.009166 0.001506 0.017592 0.001110 0.017402 0.001122
33.000000 0.008645 0.001270 0.008646 0.001247 0.016620 0.001562 0.016421 0.001545
34.000000 0.008257 0.001111 0.008276 0.001079 0.015476 0.001586 0.015302 0.001541
35.000000 0.008050 0.001086 0.008098 0.001061 0.014394 0.001295 0.014261 0.001269
36.000000 0.007936 0.000800 0.008013 0.000776 0.013703 0.001186 0.013607 0.001201
37.000000 0.007674 0.000485 0.007771 0.000460 0.013416 0.000977 0.013339 0.001000
38.000000 0.007200 0.000488 0.007302 0.000487 0.013190 0.000904 0.013117 0.000926
39.000000 0.006777 0.000609 0.006873 0.000623 0.012747 0.000998 0.012671 0.001027
40.000000 0.006556 0.000395 0.006642 0.000401 0.012077 0.001053 0.011992 0.001084
41.000000 0.006438 0.000290 0.006513 0.000262 0.011281 0.001128 0.011185 0.001144
42.000000 0.006254 0.000371 0.006320 0.000343 0.010496 0.001091 0.010390 0.001087
43.000000 0.005931 0.000398 0.005989 0.000363 0.009886 0.001021 0.009785 0.001009
44.000000 0.005552 0.000384 0.005607 0.000345 0.009468 0.001076 0.009389 0.001062
45.000000 0.005219 0.000382 0.005279 0.000349 0.009049 0.001009 0.009006 0.000983
46.000000 0.005003 0.000379 0.005071 0.000357 0.008579 0.000926 0.008574 0.000905
47.000000 0.004924 0.000420 0.004998 0.000416 0.008180 0.001042 0.008207 0.001034
48.000000 0.004881 0.000427 0.004956 0.000429 0.007863 0.001062 0.007913 0.001042
49.000000 0.004765 0.000377 0.004838 0.000374 0.007529 0.000995 0.007591 0.000960
50.000000 0.004611 0.000384 0.004681 0.000381 0.007144 0.000975 0.007210 0.000927
51.000000 0.004498 0.000377 0.004566 0.000374 0.006760 0.001010 0.006828 0.000964
52.000000 0.004420 0.000315 0.004487 0.000305 0.006433 0.000970 0.006507 0.000936
53.000000 0.004338 0.000277 0.004406 0.000268 0.006158 0.000855 0.006239 0.000825
54.000000 0.004233 0.000271 0.004303 0.000276 0.005888 0.000749 0.005974 0.000727
55.000000 0.004121 0.000268 0.004192 0.000286 0.005595 0.000781 0.005681 0.000765
56.000000 0.004040 0.000256 0.004111 0.000282 0.005301 0.000853 0.005387 0.000835
57.000000 0.003986 0.000252 0.004058 0.000280 0.005036 0.000896 0.005121 0.000873
58.000000 0.003915 0.000243 0.003989 0.000269 0.004768 0.000927 0.004851 0.000907
59.000000 0.003815 0.000230 0.003890 0.000247 0.004462 0.000914 0.004542 0.000900
60.000000 0.003721 0.000221 0.003795 0.000230 0.004176 0.000857 0.004256 0.000847
61.000000 0.003647 0.000220 0.003718 0.000228 0.003959 0.000869 0.004041 0.000865
62.000000 0.003570 0.000247 0.003636 0.000253 0.003758 0.000892 0.003839 0.000897
63.000000 0.003494 0.000257 0.003554 0.000259 0.003531 0.000841 0.003608 0.000848
64.000000 0.003440 0.000231 0.003494 0.000231 0.003314 0.000817 0.003386 0.000825
65.000000 0.003397 0.000201 0.003448 0.000200 0.003114 0.000853 0.003183 0.000864
66.000000 0.003343 0.000199 0.003394 0.000198 0.002902 0.000855 0.002968 0.000873
67.000000 0.003287 0.000207 0.003339 0.000207 0.002705 0.000825 0.002769 0.000848
68.000000 0.003238 0.000209 0.003292 0.000208 0.002535 0.000809 0.002594 0.000831
69.000000 0.003195 0.000208 0.003250 0.000205 0.002368 0.000795 0.002419 0.000813
70.000000 0.003159 0.000205 0.003212 0.000200 0.002227 0.000779 0.002268 0.000792
71.000000 0.003126 0.000196 0.003176 0.000191 0.002126 0.000753 0.002158 0.000763
72.000000 0.003082 0.000188 0.003130 0.000184 0.002028 0.000704 0.002057 0.000713
73.000000 0.003029 0.000186 0.003076 0.000183 0.001931 0.000656 0.001962 0.000666
74.000000 0.002981 0.000187 0.003029 0.000184 0.001838 0.000624 0.001869 0.000635
75.000000 0.002946 0.000186 0.002996 0.000183 0.001744 0.000597 0.001771 0.000608
76.000000 0.002915 0.000187 0.002967 0.000184 0.001672 0.000577 0.001693 0.000589
77.000000 0.002877 0.000190 0.002928 0.000187 0.001612 0.000560 0.001632 0.000571
78.000000 0.002833 0.000189 0.002882 0.000188 0.001544 0.000547 0.001565 0.000558
79.000000 0.002794 0.000181 0.002840 0.000181 0.001478 0.000532 0.001496 0.000540
80.000000 0.002758 0.000177 0.002802 0.000177 0.001415 0.000516 0.001427 0.000519
81.000000 0.002721 0.000177 0.002764 0.000178 0.001357 0.000511 0.001363 0.000510
82.000000 0.002685 0.000179 0.002726 0.000178 0.001290 0.000504 0.001295 0.000503
83.000000 0.002650 0.000181 0.002689 0.000179 0.001232 0.000501 0.001239 0.000502
84.000000 0.002614 0.000185 0.002651 0.000183 0.001179 0.000497 0.001186 0.000499
85.000000 0.002579 0.000186 0.002615 0.000183 0.001118 0.000488 0.001121 0.000487
86.000000 0.002546 0.000184 0.002581 0.000180 0.001062 0.000487 0.001062 0.000483
87.000000 0.002512 0.000185 0.002548 0.000180 0.001002 0.000473 0.001002 0.000469
88.000000 0.002478 0.000189 0.002516 0.000183 0.000950 0.000465 0.000953 0.000463
89.000000 0.002446 0.000192 0.002485 0.000187 0.000901 0.000460 0.000903 0.000460
90.000000 0.002415 0.000193 0.002453 0.000190 0.000853 0.000447 0.000854 0.000447
91.000000 0.002382 0.000194 0.002419 0.000191 0.000810 0.000438 0.000809 0.000437
92.000000 0.002349 0.000196 0.002384 0.000192 0.000765 0.000427 0.000765 0.000427
93.000000 0.002318 0.000200 0.002353 0.000195 0.000723 0.000417 0.000725 0.000417
94.000000 0.002288 0.000204 0.002322 0.000197 0.000682 0.000404 0.000683 0.000404
95.000000 0.002256 0.000206 0.002290 0.000199 0.000646 0.000391 0.000647 0.000392
96.000000 0.002223 0.000208 0.002258 0.000201 0.000610 0.000379 0.000612 0.000381
97.000000 0.002192 0.000211 0.002228 0.000205 0.000577 0.000371 0.000580 0.000374
98.000000 0.002161 0.000215 0.002197 0.000211 0.000544 0.000360 0.000547 0.000364
99.000000 0.002130 0.000219 0.002166 0.000215 0.000515 0.000353 0.000517 0.000357
100.000000 0.002099 0.000222 0.002135 0.000217 0.000487 0.000346 0.000489 0.000350
101.000000 0.002068 0.000225 0.002103 0.000220 0.000460 0.000339 0.000462 0.000344
102.000000 0.002037 0.000229 0.002071 0.000224 0.000437 0.000335 0.000440 0.000341
103.000000 0.002006 0.000232 0.002040 0.000227 0.000416 0.000329 0.000419 0.000334
104.000000 0.001974 0.000236 0.002009 0.000231 0.000398 0.000325 0.000401 0.000331
105.000000 0.001943 0.000239 0.001978 0.000234 0.000380 0.000320 0.000383 0.000325
106.000000 0.001911 0.000242 0.001946 0.000237 0.000365 0.000316 0.000368 0.000322
107.000000 0.001880 0.000245 0.001915 0.000240 0.000350 0.000311 0.000353 0.000317
108.000000 0.001849 0.000249 0.001885 0.000243 0.000337 0.000308 0.000340 0.000313
109.000000 0.001818 0.000251 0.001854 0.000246 0.000324 0.000305 0.000328 0.000311
110.000000 0.001786 0.000254 0.001822 0.000249 0.000312 0.000302 0.000316 0.000308
111.000000 0.001755 0.000256 0.001791 0.000251 0.000301 0.000298 0.000305 0.000305
112.000000 0.001723 0.000259 0.001759 0.000254 0.000292 0.000296 0.000295 0.000302
113.000000 0.001692 0.000261 0.001728 0.000256 0.000282 0.000292 0.000286 0.000298
114.000000 0.001660 0.000263 0.001696 0.000258 0.000273 0.000289 0.000277 0.000296
115.000000 0.001629 0.000264 0.001665 0.000260 0.000265 0.000285 0.000269 0.000292
116.000000 0.001598 0.000266 0.001634 0.000262 0.000257 0.000282 0.000261 0.000288
117.000000 0.001566 0.000267 0.001603 0.000263 0.000250 0.000278 0.000254 0.000284
118.000000 0.001535 0.000268 0.001572 0.000265 0.000242 0.000274 0.000247 0.000280
119.000000 0.001504 0.000269 0.001541 0.000266 0.000236 0.000270 0.000240 0.000276
120.000000 0.001473 0.000269 0.001510 0.000267 0.000229 0.000266 0.000233 0.000272
121.000000 0.001442 0.000269 0.001479 0.000267 0.000223 0.000261 0.000227 0.000267
122.000000 0.001411 0.000269 0.001448 0.000268 0.000217 0.000257 0.000221 0.000263
123.000000 0.001380 0.000269 0.001418 0.000268 0.000211 0.000253 0.000215 0.000258
124.000000 0.001350 0.000268 0.001387 0.000267 0.000205 0.000248 0.000210 0.000253
125.000000 0.001319 0.000267 0.001357 0.000267 0.000200 0.000243 0.000204 0.000249
126.000000 0.001289 0.000266 0.001327 0.000266 0.000195 0.000239 0.000200 0.000244
127.000000 0.001259 0.000265 0.001297 0.000265 0.000190 0.000234 0.000195 0.000239
128.000000 0.001230 0.000263 0.001268 0.000264 0.000186 0.000229 0.000190 0.000234
129.000000 0.001201 0.000261 0.001239 0.000263 0.000181 0.000224 0.000186 0.000229
130.000000 0.001172 0.000259 0.001210 0.000261 0.000177 0.000219 0.000181 0.000224
131.000000 0.001144 0.000257 0.001182 0.000259 0.000173 0.000214 0.000177 0.000219
132.000000 0.001116 0.000255 0.001154 0.000257 0.000169 0.000209 0.000173 0.000214
133.000000 0.001088 0.000252 0.001126 0.000255 0.000165 0.000204 0.000169 0.000209
134.000000 0.001061 0.000249 0.001099 0.000253 0.000161 0.000199 0.000165 0.000204
135.000000 0.001035 0.000246 0.001072 0.000250 0.000157 0.000194 0.000161 0.000198
136.000000 0.001009 0.000243 0.001046 0.000248 0.000153 0.000188 0.000158 0.000193
137.000000 0.000983 0.000240 0.001021 0.000245 0.000150 0.000183 0.000154 0.000188
138.000000 0.000959 0.000237 0.000996 0.000242 0.000146 0.000178 0.000150 0.000183
139.000000 0.000935 0.000233 0.000971 0.000239 0.000142 0.000173 0.000146 0.000177
140.000000 0.000911 0.000230 0.000947 0.000236 0.000139 0.000168 0.000143 0.000172
141.000000 0.000888 0.000227 0.000924 0.000233 0.000135 0.000162 0.000139 0.000166
142.000000 0.000866 0.000223 0.000902 0.000229 0.000132 0.000157 0.000136 0.000161
143.000000 0.000844 0.000219 0.000879 0.000226 0.000129 0.000152 0.000132 0.000156
144.000000 0.000823 0.000216 0.000858 0.000223 0.000125 0.000146 0.000129 0.000150
145.000000 0.000803 0.000212 0.000837 0.000220 0.000122 0.000141 0.000125 0.000145
146.000000 0.000783 0.000209 0.000817 0.000216 0.000119 0.000136 0.000122 0.000139
147.000000 0.000764 0.000205 0.000797 0.000213 0.000116 0.000131 0.000119 0.000134
148.000000 0.000745 0.000202 0.000778 0.000210 0.000113 0.000125 0.000116 0.000129
149.000000 0.000728 0.000198 0.000760 0.000206 0.000109 0.000120 0.000113 0.000124
150.000000 0.000710 0.000195 0.000742 0.000203 0.000107 0.000115 0.000110 0.000118
151.000000 0.000694 0.000192 0.000725 0.000200 0.000104 0.000110 0.000107 0.000113
152.000000 0.000678 0.000188 0.000709 0.000196 0.000101 0.000105 0.000104 0.000108
153.000000 0.000663 0.000185 0.000693 0.000193 0.000098 0.000100 0.000101 0.000103
154.000000 0.000648 0.000182 0.000678 0.000190 0.000095 0.000095 0.000098 0.000098
155.000000 0.000634 0.000179 0.000663 0.000187 0.000093 0.000090 0.000095 0.000093
156.000000 0.000621 0.000175 0.000649 0.000184 0.000090 0.000086 0.000093 0.000088
157.000000 0.000608 0.000172 0.000636 0.000181 0.000088 0.000081 0.000090 0.000084
158.000000 0.000595 0.000169 0.000623 0.000178 0.000085 0.000077 0.000087 0.000079
159.000000 0.000584 0.000166 0.000611 0.000175 0.000083 0.000073 0.000085 0.000075
160.000000 0.000572 0.000164 0.000599 0.000172 0.000080 0.000069 0.000083 0.000071
161.000000 0.000561 0.000161 0.000587 0.000169 0.000078 0.000065 0.000080 0.000067
162.000000 0.000550 0.000158 0.000576 0.000167 0.000076 0.000062 0.000078 0.000063
163.000000 0.000540 0.000155 0.000565 0.000164 0.000074 0.000058 0.000076 0.000060
164.000000 0.000530 0.000153 0.000555 0.000161 0.000072 0.000055 0.000074 0.000056
165.000000 0.000521 0.000150 0.000545 0.000159 0.000070 0.000052 0.000072 0.000053
166.000000 0.000512 0.000147 0.000535 0.000156 0.000068 0.000049 0.000070 0.000050
167.000000 0.000503 0.000145 0.000526 0.000153 0.000067 0.000046 0.000069 0.000048
168.000000 0.000494 0.000142 0.000517 0.000151 0.000065 0.000044 0.000067 0.000045
169.000000 0.000485 0.000140 0.000508 0.000148 0.000064 0.000042 0.000065 0.000043
170.000000 0.000477 0.000138 0.000500 0.000146 0.000062 0.000039 0.000064 0.000040
171.000000 0.000469 0.000135 0.000491 0.000144 0.000061 0.000038 0.000062 0.000039
172.000000 0.000462 0.000133 0.000484 0.000141 0.000059 0.000036 0.000061 0.000037
173.000000 0.000454 0.000131 0.000476 0.000139 0.000058 0.000034 0.000060 0.000035
174.000000 0.000447 0.000128 0.000469 0.000136 0.000057 0.000033 0.000059 0.000034
175.000000 0.000441 0.000125 0.000462 0.000133 0.000056 0.000031 0.000057 0.000032
176.000000 0.000437 0.000120 0.000457 0.000128 0.000055 0.000030 0.000056 0.000031
177.000000 0.000437 0.000112 0.000458 0.000119 0.000054 0.000029 0.000055 0.000030
178.000000 0.000445 0.000109 0.000465 0.000116 0.000053 0.000028 0.000054 0.000029
179.000000 0.000462 0.000139 0.000484 0.000146 0.000052 0.000027 0.000053 0.000028
180.000000 0.000456 0.000139 0.000477 0.000144 0.000051 0.000026 0.000052 0.000027
181.000000 0.000422 0.000103 0.000442 0.000110 0.000050 0.000026 0.000052 0.000026
182.000000 0.000396 0.000114 0.000416 0.000121 0.000049 0.000025 0.000051 0.000025
183.000000 0.000410 0.000100 0.000430 0.000107 0.000049 0.000024 0.000050 0.000025
184.000000 0.000414 0.000105 0.000434 0.000111 0.000048 0.000024 0.000049 0.000024
185.000000 0.000384 0.000104 0.000403 0.000111 0.000047 0.000023 0.000048 0.000024
186.000000 0.000380 0.000101 0.000399 0.000109 0.000046 0.000023 0.000048 0.000023
187.000000 0.000390 0.000096 0.000409 0.000103 0.000046 0.000022 0.000047 0.000022
188.000000 0.000371 0.000098 0.000389 0.000105 0.000045 0.000022 0.000046 0.000022
189.000000 0.000362 0.000101 0.000380 0.000109 0.000044 0.000021 0.000046 0.000021
190.000000 0.000369 0.000092 0.000387 0.000099 0.000044 0.000021 0.000045 0.000021
191.000000 0.000356 0.000095 0.000374 0.000102 0.000043 0.000020 0.000044 0.000020
192.000000 0.000347 0.000099 0.000364 0.000107 0.000042 0.000020 0.000044 0.000020
193.000000 0.000351 0.000091 0.000369 0.000097 0.000042 0.000019 0.000043 0.000020
194.000000 0.000342 0.000093 0.000359 0.000101 0.000041 0.000019 0.000042 0.000019
195.000000 0.000334 0.000097 0.000351 0.000104 0.000041 0.000019 0.000042 0.000019
196.000000 0.000336 0.000090 0.000353 0.000097 0.000040 0.000018 0.000041 0.000018
197.000000 0.000329 0.000092 0.000345 0.000099 0.000039 0.000018 0.000041 0.000018
198.000000 0.000322 0.000095 0.000338 0.000102 0.000039 0.000017 0.000040 0.000018
199.000000 0.000322 0.000089 0.000339 0.000096 0.000038 0.000017 0.000039 0.000017
