# epochs mean_loss std_loss mean_test_loss std_test_loss mean_loss_grad std_loss_grad mean_test_loss_grad std_test_loss_grad
0.000000 2.163199 0.019133 2.161744 0.019552 2.149831 0.006071 2.148183 0.006089
1.000000 2.064239 0.018854 2.062675 0.019070 2.092484 0.010966 2.090759 0.011064
2.000000 1.952501 0.021838 1.950718 0.021821 1.994054 0.026023 1.992230 0.026320
3.000000 1.804046 0.029905 1.801866 0.029748 1.818427 0.049518 1.816493 0.050214
4.000000 1.607002 0.042461 1.604194 0.042324 1.546756 0.080116 1.544724 0.081390
5.000000 1.362678 0.056064 1.359108 0.056044 1.192423 0.113045 1.190312 0.114850
6.000000 1.094303 0.069566 1.090361 0.069603 0.836980 0.136946 0.834828 0.138934
7.000000 0.847399 0.086517 0.844484 0.086533 0.597987 0.134645 0.596226 0.135932
8.000000 0.664673 0.085579 0.664007 0.085049 0.460409 0.043973 0.460143 0.043554
9.000000 0.542632 0.082007 0.543425 0.080841 0.364817 0.058282 0.365363 0.058741
10.000000 0.468397 0.070995 0.469847 0.069634 0.307415 0.041140 0.307303 0.041275
11.000000 0.403819 0.050459 0.405293 0.050343 0.275803 0.056127 0.274887 0.057150
12.000000 0.335847 0.034987 0.336889 0.035535 0.268374 0.051991 0.267299 0.052703
13.000000 0.287460 0.025269 0.288055 0.025602 0.258897 0.036092 0.258108 0.036259
14.000000 0.262513 0.023230 0.262690 0.022895 0.212538 0.026605 0.212141 0.026447
15.000000 0.252307 0.021867 0.252039 0.021443 0.145446 0.026854 0.145418 0.026396
16.000000 0.244181 0.020504 0.243468 0.020192 0.116948 0.016704 0.117123 0.016433
17.000000 0.231464 0.017333 0.230381 0.016819 0.136520 0.021611 0.136756 0.022052
18.000000 0.215058 0.013403 0.213723 0.012496 0.143270 0.023100 0.143483 0.023798
19.000000 0.196090 0.011273 0.194615 0.010076 0.125384 0.008830 0.125427 0.008823
20.000000 0.175037 0.010716 0.173545 0.009629 0.109157 0.022935 0.109025 0.022767
21.000000 0.154160 0.009909 0.152784 0.009114 0.099805 0.012952 0.099677 0.012816
22.000000 0.137227 0.009097 0.136078 0.008660 0.090898 0.010846 0.090875 0.010585
23.000000 0.127403 0.010057 0.126529 0.010026 0.083134 0.014393 0.083182 0.014256
24.000000 0.125052 0.012311 0.124429 0.012533 0.080270 0.007762 0.080356 0.007707
25.000000 0.126396 0.012472 0.125962 0.012812 0.078154 0.006906 0.078241 0.006807
26.000000 0.125358 0.009581 0.125056 0.010012 0.072231 0.006214 0.072313 0.006180
27.000000 0.118267 0.005908 0.118042 0.006356 0.065185 0.007656 0.065298 0.007818
28.000000 0.106582 0.003478 0.106359 0.003730 0.059535 0.010313 0.059675 0.010418
29.000000 0.094454 0.003084 0.094155 0.003151 0.054012 0.007570 0.054139 0.007684
30.000000 0.084893 0.004056 0.084474 0.004212 0.048602 0.005050 0.048687 0.005058
31.000000 0.078621 0.005675 0.078096 0.005846 0.046030 0.006581 0.046069 0.006460
32.000000 0.075118 0.007421 0.074540 0.007481 0.046821 0.005018 0.046827 0.004959
33.000000 0.073571 0.008647 0.072992 0.008564 0.046781 0.003675 0.046779 0.003707
34.000000 0.072959 0.008828 0.072409 0.008623 0.043106 0.003343 0.043127 0.003349
35.000000 0.072040 0.007881 0.071524 0.007606 0.038651 0.003624 0.038710 0.003587
36.000000 0.069793 0.006360 0.069307 0.006070 0.036877 0.002745 0.036970 0.002760
37.000000 0.065990 0.005276 0.065529 0.005031 0.037129 0.002583 0.037252 0.002627
38.000000 0.061279 0.005209 0.060847 0.005047 0.036910 0.003213 0.037065 0.003170
39.000000 0.056696 0.005527 0.056299 0.005431 0.035752 0.002659 0.035946 0.002619
40.000000 0.053022 0.005701 0.052670 0.005656 0.034713 0.002591 0.034941 0.002667
41.000000 0.050441 0.005684 0.050134 0.005688 0.033802 0.002935 0.034049 0.003016
42.000000 0.048632 0.005449 0.048356 0.005496 0.032281 0.001694 0.032528 0.001723
43.000000 0.047120 0.005036 0.046852 0.005106 0.030488 0.001308 0.030722 0.001303
44.000000 0.045553 0.004569 0.045269 0.004641 0.029412 0.001599 0.029630 0.001621
45.000000 0.043722 0.004170 0.043411 0.004227 0.029166 0.001348 0.029371 0.001340
46.000000 0.041567 0.003977 0.041233 0.004012 0.028946 0.001455 0.029146 0.001427
47.000000 0.039261 0.004030 0.038924 0.004047 0.028177 0.001158 0.028381 0.001177
48.000000 0.037146 0.004192 0.036826 0.004198 0.027094 0.000961 0.027314 0.000982
49.000000 0.035469 0.004309 0.035178 0.004302 0.026175 0.001314 0.026417 0.001305
50.000000 0.034219 0.004305 0.033962 0.004284 0.025542 0.001628 0.025800 0.001654
51.000000 0.033179 0.004188 0.032958 0.004157 0.025124 0.001920 0.025382 0.001965
52.000000 0.032094 0.003976 0.031908 0.003939 0.024863 0.001796 0.025105 0.001835
53.000000 0.030824 0.003675 0.030673 0.003636 0.024575 0.001207 0.024800 0.001246
54.000000 0.029399 0.003341 0.029279 0.003305 0.024075 0.000925 0.024293 0.000960
55.000000 0.027948 0.003085 0.027856 0.003064 0.023435 0.001156 0.023656 0.001173
56.000000 0.026591 0.002970 0.026519 0.002973 0.022901 0.001483 0.023127 0.001485
57.000000 0.025397 0.002931 0.025335 0.002957 0.022553 0.001514 0.022782 0.001515
58.000000 0.024394 0.002869 0.024332 0.002902 0.022238 0.001307 0.022465 0.001314
59.000000 0.023553 0.002760 0.023480 0.002784 0.021858 0.001091 0.022081 0.001110
60.000000 0.022767 0.002608 0.022677 0.002617 0.021478 0.001042 0.021697 0.001074
61.000000 0.021940 0.002420 0.021831 0.002417 0.021118 0.001148 0.021333 0.001186
62.000000 0.021075 0.002244 0.020952 0.002234 0.020725 0.001202 0.020936 0.001235
63.000000 0.020245 0.002138 0.020113 0.002122 0.020328 0.001188 0.020534 0.001203
64.000000 0.019492 0.002096 0.019358 0.002074 0.020007 0.001138 0.020207 0.001129
65.000000 0.018810 0.002061 0.018680 0.002035 0.019747 0.001069 0.019942 0.001050
66.000000 0.018182 0.001996 0.018058 0.001967 0.019465 0.001004 0.019654 0.000982
67.000000 0.017597 0.001905 0.017481 0.001871 0.019150 0.000988 0.019333 0.000963
68.000000 0.017039 0.001797 0.016930 0.001759 0.018862 0.001044 0.019041 0.001018
69.000000 0.016493 0.001686 0.016392 0.001646 0.018617 0.001115 0.018794 0.001094
70.000000 0.015963 0.001590 0.015870 0.001551 0.018371 0.001107 0.018549 0.001094
71.000000 0.015465 0.001512 0.015377 0.001477 0.018108 0.001042 0.018287 0.001036
72.000000 0.015000 0.001443 0.014917 0.001411 0.017852 0.000992 0.018030 0.000990
73.000000 0.014571 0.001381 0.014490 0.001352 0.017609 0.000974 0.017783 0.000973
74.000000 0.014176 0.001329 0.014096 0.001302 0.017359 0.000955 0.017529 0.000954
75.000000 0.013808 0.001277 0.013727 0.001252 0.017104 0.000942 0.017269 0.000939
76.000000 0.013453 0.001216 0.013371 0.001190 0.016864 0.000952 0.017026 0.000948
77.000000 0.013110 0.001148 0.013026 0.001118 0.016639 0.000947 0.016801 0.000944
78.000000 0.012783 0.001081 0.012697 0.001046 0.016418 0.000903 0.016581 0.000900
79.000000 0.012474 0.001017 0.012386 0.000975 0.016203 0.000859 0.016367 0.000857
80.000000 0.012181 0.000957 0.012092 0.000909 0.015999 0.000861 0.016163 0.000860
81.000000 0.011903 0.000905 0.011814 0.000853 0.015797 0.000875 0.015958 0.000874
82.000000 0.011642 0.000864 0.011553 0.000810 0.015590 0.000857 0.015746 0.000857
83.000000 0.011396 0.000826 0.011307 0.000774 0.015393 0.000823 0.015544 0.000822
84.000000 0.011163 0.000789 0.011075 0.000739 0.015214 0.000796 0.015360 0.000795
85.000000 0.010941 0.000753 0.010852 0.000706 0.015033 0.000779 0.015174 0.000777
86.000000 0.010729 0.000723 0.010640 0.000678 0.014833 0.000765 0.014971 0.000762
87.000000 0.010530 0.000700 0.010439 0.000656 0.014635 0.000757 0.014770 0.000754
88.000000 0.010340 0.000681 0.010251 0.000638 0.014463 0.000748 0.014596 0.000745
89.000000 0.010158 0.000662 0.010070 0.000621 0.014304 0.000729 0.014434 0.000728
90.000000 0.009980 0.000643 0.009896 0.000603 0.014135 0.000705 0.014260 0.000708
91.000000 0.009811 0.000627 0.009731 0.000589 0.013961 0.000689 0.014083 0.000694
92.000000 0.009652 0.000613 0.009575 0.000577 0.013799 0.000680 0.013915 0.000687
93.000000 0.009501 0.000602 0.009425 0.000567 0.013643 0.000669 0.013756 0.000678
94.000000 0.009355 0.000594 0.009280 0.000559 0.013489 0.000654 0.013598 0.000663
95.000000 0.009212 0.000587 0.009139 0.000554 0.013338 0.000642 0.013444 0.000651
96.000000 0.009074 0.000578 0.009002 0.000547 0.013193 0.000634 0.013297 0.000644
97.000000 0.008940 0.000566 0.008870 0.000539 0.013050 0.000627 0.013152 0.000638
98.000000 0.008812 0.000555 0.008743 0.000531 0.012909 0.000616 0.013009 0.000629
99.000000 0.008689 0.000546 0.008620 0.000525 0.012771 0.000605 0.012869 0.000618
100.000000 0.008571 0.000540 0.008502 0.000522 0.012639 0.000598 0.012735 0.000611
101.000000 0.008456 0.000535 0.008388 0.000518 0.012510 0.000595 0.012604 0.000608
102.000000 0.008344 0.000527 0.008276 0.000512 0.012385 0.000589 0.012476 0.000602
103.000000 0.008235 0.000517 0.008167 0.000504 0.012260 0.000580 0.012349 0.000594
104.000000 0.008129 0.000507 0.008062 0.000494 0.012136 0.000573 0.012223 0.000588
105.000000 0.008027 0.000498 0.007959 0.000486 0.012016 0.000570 0.012100 0.000586
106.000000 0.007928 0.000491 0.007861 0.000479 0.011901 0.000567 0.011982 0.000585
107.000000 0.007833 0.000485 0.007766 0.000472 0.011787 0.000563 0.011866 0.000582
108.000000 0.007740 0.000478 0.007674 0.000466 0.011674 0.000559 0.011750 0.000579
109.000000 0.007650 0.000470 0.007585 0.000458 0.011562 0.000555 0.011635 0.000576
110.000000 0.007563 0.000461 0.007498 0.000450 0.011452 0.000552 0.011522 0.000573
111.000000 0.007478 0.000454 0.007413 0.000442 0.011344 0.000550 0.011412 0.000571
112.000000 0.007395 0.000447 0.007331 0.000435 0.011238 0.000548 0.011303 0.000571
113.000000 0.007315 0.000441 0.007251 0.000429 0.011134 0.000546 0.011196 0.000569
114.000000 0.007238 0.000435 0.007174 0.000423 0.011030 0.000544 0.011090 0.000567
115.000000 0.007163 0.000428 0.007099 0.000417 0.010926 0.000542 0.010985 0.000567
116.000000 0.007089 0.000422 0.007026 0.000411 0.010825 0.000541 0.010882 0.000566
117.000000 0.007018 0.000416 0.006954 0.000405 0.010725 0.000539 0.010780 0.000565
118.000000 0.006948 0.000410 0.006883 0.000399 0.010626 0.000538 0.010679 0.000564
119.000000 0.006880 0.000404 0.006815 0.000393 0.010527 0.000537 0.010579 0.000563
120.000000 0.006814 0.000398 0.006749 0.000388 0.010430 0.000537 0.010480 0.000563
121.000000 0.006749 0.000393 0.006685 0.000383 0.010334 0.000537 0.010382 0.000563
122.000000 0.006686 0.000387 0.006623 0.000378 0.010238 0.000537 0.010285 0.000564
123.000000 0.006624 0.000382 0.006562 0.000372 0.010144 0.000538 0.010189 0.000565
124.000000 0.006564 0.000376 0.006503 0.000367 0.010050 0.000539 0.010094 0.000566
125.000000 0.006505 0.000371 0.006445 0.000362 0.009957 0.000541 0.010000 0.000568
126.000000 0.006447 0.000366 0.006388 0.000357 0.009865 0.000543 0.009906 0.000570
127.000000 0.006390 0.000360 0.006332 0.000352 0.009774 0.000545 0.009813 0.000572
128.000000 0.006335 0.000355 0.006278 0.000348 0.009683 0.000548 0.009721 0.000575
129.000000 0.006280 0.000350 0.006224 0.000343 0.009593 0.000550 0.009630 0.000578
130.000000 0.006227 0.000345 0.006171 0.000338 0.009504 0.000554 0.009540 0.000581
131.000000 0.006175 0.000341 0.006119 0.000334 0.009416 0.000558 0.009451 0.000584
132.000000 0.006123 0.000336 0.006068 0.000330 0.009328 0.000561 0.009363 0.000588
133.000000 0.006073 0.000331 0.006018 0.000326 0.009242 0.000565 0.009275 0.000592
134.000000 0.006024 0.000326 0.005969 0.000321 0.009156 0.000570 0.009189 0.000596
135.000000 0.005975 0.000322 0.005922 0.000317 0.009070 0.000574 0.009102 0.000600
136.000000 0.005927 0.000317 0.005875 0.000313 0.008985 0.000579 0.009017 0.000604
137.000000 0.005880 0.000313 0.005829 0.000308 0.008901 0.000584 0.008932 0.000608
138.000000 0.005834 0.000309 0.005783 0.000304 0.008818 0.000589 0.008849 0.000612
139.000000 0.005789 0.000305 0.005739 0.000300 0.008736 0.000594 0.008766 0.000617
140.000000 0.005745 0.000300 0.005695 0.000296 0.008654 0.000599 0.008684 0.000621
141.000000 0.005701 0.000296 0.005652 0.000292 0.008573 0.000604 0.008603 0.000626
142.000000 0.005658 0.000292 0.005609 0.000288 0.008493 0.000609 0.008523 0.000630
143.000000 0.005616 0.000289 0.005568 0.000284 0.008413 0.000614 0.008443 0.000635
144.000000 0.005574 0.000285 0.005526 0.000280 0.008335 0.000619 0.008364 0.000639
145.000000 0.005533 0.000281 0.005486 0.000277 0.008257 0.000624 0.008286 0.000644
146.000000 0.005492 0.000277 0.005446 0.000273 0.008180 0.000629 0.008208 0.000648
147.000000 0.005453 0.000274 0.005407 0.000270 0.008103 0.000633 0.008132 0.000652
148.000000 0.005414 0.000270 0.005368 0.000266 0.008028 0.000638 0.008056 0.000656
149.000000 0.005375 0.000267 0.005330 0.000263 0.007953 0.000642 0.007981 0.000660
150.000000 0.005337 0.000263 0.005293 0.000260 0.007879 0.000646 0.007907 0.000663
151.000000 0.005300 0.000260 0.005256 0.000257 0.007805 0.000650 0.007833 0.000667
152.000000 0.005263 0.000257 0.005220 0.000253 0.007732 0.000654 0.007761 0.000670
153.000000 0.005226 0.000254 0.005184 0.000250 0.007660 0.000658 0.007689 0.000673
154.000000 0.005190 0.000251 0.005149 0.000248 0.007589 0.000662 0.007617 0.000677
155.000000 0.005155 0.000248 0.005114 0.000245 0.007518 0.000665 0.007547 0.000679
156.000000 0.005120 0.000245 0.005079 0.000242 0.007448 0.000669 0.007477 0.000682
157.000000 0.005086 0.000242 0.005045 0.000239 0.007379 0.000672 0.007407 0.000685
158.000000 0.005052 0.000240 0.005012 0.000236 0.007310 0.000676 0.007338 0.000688
159.000000 0.005018 0.000237 0.004979 0.000234 0.007242 0.000679 0.007270 0.000691
160.000000 0.004985 0.000234 0.004946 0.000231 0.007174 0.000682 0.007202 0.000693
161.000000 0.004952 0.000232 0.004914 0.000229 0.007107 0.000686 0.007135 0.000696
162.000000 0.004920 0.000229 0.004882 0.000227 0.007040 0.000689 0.007068 0.000699
163.000000 0.004888 0.000227 0.004851 0.000224 0.006974 0.000692 0.007002 0.000702
164.000000 0.004857 0.000225 0.004820 0.000222 0.006908 0.000696 0.006936 0.000705
165.000000 0.004826 0.000222 0.004790 0.000220 0.006843 0.000699 0.006871 0.000708
166.000000 0.004795 0.000220 0.004760 0.000218 0.006778 0.000703 0.006806 0.000711
167.000000 0.004765 0.000218 0.004730 0.000216 0.006714 0.000706 0.006741 0.000715
168.000000 0.004735 0.000216 0.004700 0.000214 0.006650 0.000710 0.006677 0.000718
169.000000 0.004705 0.000214 0.004671 0.000212 0.006586 0.000713 0.006613 0.000722
170.000000 0.004676 0.000212 0.004643 0.000210 0.006523 0.000717 0.006550 0.000725
171.000000 0.004647 0.000210 0.004614 0.000209 0.006460 0.000721 0.006487 0.000729
172.000000 0.004618 0.000209 0.004586 0.000207 0.006398 0.000725 0.006424 0.000733
173.000000 0.004590 0.000207 0.004558 0.000205 0.006336 0.000729 0.006361 0.000737
174.000000 0.004562 0.000205 0.004531 0.000204 0.006274 0.000733 0.006299 0.000741
175.000000 0.004534 0.000204 0.004504 0.000202 0.006212 0.000737 0.006237 0.000745
176.000000 0.004507 0.000202 0.004477 0.000201 0.006151 0.000741 0.006175 0.000749
177.000000 0.004480 0.000201 0.004450 0.000200 0.006090 0.000745 0.006114 0.000754
178.000000 0.004453 0.000199 0.004424 0.000198 0.006030 0.000750 0.006053 0.000758
179.000000 0.004427 0.000198 0.004398 0.000197 0.005970 0.000754 0.005992 0.000762
180.000000 0.004401 0.000197 0.004372 0.000196 0.005910 0.000758 0.005932 0.000767
181.000000 0.004375 0.000196 0.004346 0.000195 0.005851 0.000762 0.005872 0.000771
182.000000 0.004349 0.000194 0.004321 0.000193 0.005792 0.000766 0.005813 0.000775
183.000000 0.004324 0.000193 0.004296 0.000192 0.005734 0.000770 0.005754 0.000780
184.000000 0.004298 0.000192 0.004272 0.000191 0.005676 0.000774 0.005695 0.000784
185.000000 0.004274 0.000191 0.004247 0.000190 0.005618 0.000778 0.005637 0.000788
186.000000 0.004249 0.000190 0.004223 0.000189 0.005561 0.000781 0.005579 0.000792
187.000000 0.004225 0.000189 0.004199 0.000189 0.005504 0.000785 0.005522 0.000796
188.000000 0.004200 0.000189 0.004175 0.000188 0.005448 0.000788 0.005465 0.000799
189.000000 0.004177 0.000188 0.004152 0.000187 0.005393 0.000792 0.005409 0.000803
190.000000 0.004153 0.000187 0.004129 0.000186 0.005338 0.000795 0.005353 0.000806
191.000000 0.004129 0.000186 0.004106 0.000186 0.005283 0.000798 0.005298 0.000809
192.000000 0.004106 0.000186 0.004083 0.000185 0.005229 0.000800 0.005243 0.000812
193.000000 0.004083 0.000185 0.004060 0.000184 0.005175 0.000803 0.005189 0.000815
194.000000 0.004060 0.000184 0.004038 0.000184 0.005122 0.000805 0.005135 0.000817
195.000000 0.004038 0.000184 0.004016 0.000183 0.005070 0.000808 0.005082 0.000820
196.000000 0.004016 0.000183 0.003994 0.000183 0.005018 0.000810 0.005030 0.000822
197.000000 0.003993 0.000183 0.003972 0.000182 0.004967 0.000811 0.004978 0.000824
198.000000 0.003972 0.000182 0.003951 0.000182 0.004916 0.000813 0.004926 0.000826
199.000000 0.003950 0.000182 0.003929 0.000181 0.004865 0.000814 0.004875 0.000827
