# epochs mean_loss std_loss mean_test_loss std_test_loss mean_loss_grad std_loss_grad mean_test_loss_grad std_test_loss_grad
0.000000 0.294695 0.013541 0.295667 0.013051 0.295592 0.001833 0.296368 0.001814
1.000000 0.134806 0.016324 0.137944 0.016504 0.151084 0.024124 0.154458 0.024616
2.000000 0.506002 0.083268 0.499671 0.083455 0.868390 0.189622 0.868036 0.190033
3.000000 0.129098 0.027538 0.128798 0.027343 0.084338 0.041300 0.084918 0.041131
4.000000 0.110203 0.019237 0.111481 0.019281 0.117685 0.046701 0.119845 0.047166
5.000000 0.092661 0.029425 0.093781 0.029405 0.125774 0.053179 0.127402 0.053417
6.000000 0.065781 0.030434 0.065863 0.030516 0.087851 0.038251 0.089082 0.038565
7.000000 0.060214 0.016743 0.059709 0.016878 0.062446 0.023460 0.062945 0.023953
8.000000 0.052996 0.011993 0.052776 0.011778 0.050631 0.023487 0.050498 0.023595
9.000000 0.041405 0.010946 0.041521 0.010750 0.040747 0.017047 0.040638 0.016958
10.000000 0.040596 0.006766 0.040791 0.006693 0.037191 0.010689 0.037208 0.010546
11.000000 0.040002 0.005648 0.040281 0.005625 0.033074 0.010598 0.033173 0.010638
12.000000 0.033445 0.007341 0.033770 0.007423 0.031024 0.011490 0.031273 0.011559
13.000000 0.029995 0.006828 0.030230 0.006908 0.024717 0.008343 0.024654 0.008346
14.000000 0.025704 0.005331 0.025942 0.005467 0.018493 0.004892 0.018586 0.005082
15.000000 0.021373 0.004702 0.021606 0.004830 0.018289 0.005573 0.018444 0.005677
16.000000 0.020898 0.004536 0.021056 0.004531 0.016146 0.003015 0.016371 0.003148
17.000000 0.018340 0.004585 0.018486 0.004616 0.015470 0.003528 0.015700 0.003500
18.000000 0.016299 0.002848 0.016447 0.002847 0.012252 0.005828 0.012352 0.005926
19.000000 0.014925 0.002827 0.015072 0.002782 0.011042 0.003932 0.011039 0.003944
20.000000 0.013129 0.003333 0.013289 0.003335 0.009800 0.004526 0.009752 0.004445
21.000000 0.011319 0.002810 0.011521 0.002908 0.008167 0.002510 0.008167 0.002493
22.000000 0.010260 0.002188 0.010482 0.002331 0.007604 0.001879 0.007680 0.001914
23.000000 0.009294 0.002030 0.009471 0.002165 0.006942 0.001558 0.007003 0.001586
24.000000 0.008010 0.002316 0.008148 0.002424 0.004780 0.001247 0.004794 0.001254
25.000000 0.007088 0.001949 0.007179 0.001998 0.005381 0.002890 0.005377 0.002873
26.000000 0.006673 0.001069 0.006736 0.001081 0.004710 0.002085 0.004728 0.002111
27.000000 0.006010 0.001186 0.006074 0.001192 0.004532 0.001419 0.004571 0.001457
28.000000 0.005342 0.001373 0.005406 0.001382 0.003810 0.001466 0.003843 0.001477
29.000000 0.004796 0.001445 0.004870 0.001457 0.003124 0.000534 0.003129 0.000526
30.000000 0.004391 0.001218 0.004474 0.001242 0.003405 0.001414 0.003403 0.001380
31.000000 0.004019 0.000674 0.004092 0.000706 0.002637 0.000779 0.002635 0.000760
32.000000 0.003503 0.000700 0.003549 0.000731 0.002307 0.000804 0.002302 0.000800
33.000000 0.003160 0.000853 0.003183 0.000871 0.002302 0.001013 0.002305 0.001017
34.000000 0.003002 0.000793 0.003010 0.000806 0.002122 0.000590 0.002122 0.000599
35.000000 0.002739 0.000696 0.002748 0.000707 0.002197 0.001047 0.002188 0.001032
36.000000 0.002353 0.000627 0.002373 0.000643 0.001684 0.000513 0.001679 0.000495
37.000000 0.002106 0.000533 0.002130 0.000547 0.001532 0.000575 0.001531 0.000573
38.000000 0.001915 0.000522 0.001934 0.000533 0.001519 0.000437 0.001519 0.000445
39.000000 0.001714 0.000348 0.001733 0.000360 0.001258 0.000349 0.001260 0.000348
40.000000 0.001559 0.000389 0.001577 0.000400 0.001324 0.000626 0.001324 0.000629
41.000000 0.001477 0.000433 0.001491 0.000444 0.001053 0.000323 0.001053 0.000328
42.000000 0.001346 0.000351 0.001350 0.000358 0.001076 0.000371 0.001080 0.000373
43.000000 0.001180 0.000283 0.001181 0.000283 0.000962 0.000232 0.000962 0.000225
44.000000 0.001105 0.000209 0.001106 0.000207 0.000848 0.000279 0.000842 0.000270
45.000000 0.001009 0.000230 0.001012 0.000232 0.000852 0.000390 0.000848 0.000387
46.000000 0.000922 0.000239 0.000926 0.000241 0.000690 0.000205 0.000689 0.000198
47.000000 0.000861 0.000173 0.000865 0.000175 0.000726 0.000271 0.000724 0.000265
48.000000 0.000817 0.000160 0.000820 0.000160 0.000577 0.000142 0.000572 0.000136
49.000000 0.000729 0.000158 0.000732 0.000157 0.000543 0.000200 0.000541 0.000190
50.000000 0.000648 0.000132 0.000651 0.000132 0.000510 0.000200 0.000509 0.000197
51.000000 0.000638 0.000152 0.000641 0.000149 0.000475 0.000149 0.000473 0.000148
52.000000 0.000612 0.000144 0.000618 0.000138 0.000475 0.000214 0.000472 0.000209
53.000000 0.000512 0.000114 0.000518 0.000109 0.000359 0.000128 0.000356 0.000125
54.000000 0.000458 0.000106 0.000465 0.000105 0.000387 0.000159 0.000385 0.000158
55.000000 0.000458 0.000104 0.000466 0.000106 0.000339 0.000089 0.000338 0.000087
56.000000 0.000444 0.000095 0.000451 0.000095 0.000356 0.000133 0.000354 0.000132
57.000000 0.000391 0.000083 0.000396 0.000082 0.000305 0.000134 0.000303 0.000133
58.000000 0.000363 0.000076 0.000366 0.000075 0.000272 0.000125 0.000270 0.000123
59.000000 0.000353 0.000082 0.000357 0.000082 0.000260 0.000093 0.000259 0.000093
60.000000 0.000328 0.000079 0.000331 0.000079 0.000235 0.000074 0.000235 0.000072
61.000000 0.000303 0.000067 0.000307 0.000067 0.000228 0.000094 0.000228 0.000092
62.000000 0.000293 0.000066 0.000297 0.000068 0.000211 0.000091 0.000212 0.000091
63.000000 0.000280 0.000071 0.000284 0.000074 0.000204 0.000076 0.000204 0.000076
64.000000 0.000256 0.000056 0.000258 0.000057 0.000178 0.000065 0.000177 0.000064
65.000000 0.000236 0.000054 0.000237 0.000056 0.000162 0.000058 0.000161 0.000057
66.000000 0.000222 0.000047 0.000223 0.000048 0.000156 0.000066 0.000155 0.000065
67.000000 0.000216 0.000055 0.000217 0.000055 0.000150 0.000063 0.000150 0.000062
68.000000 0.000204 0.000052 0.000206 0.000053 0.000146 0.000059 0.000146 0.000059
69.000000 0.000193 0.000045 0.000195 0.000046 0.000132 0.000051 0.000132 0.000050
70.000000 0.000179 0.000043 0.000181 0.000043 0.000124 0.000053 0.000124 0.000051
71.000000 0.000173 0.000040 0.000175 0.000041 0.000118 0.000051 0.000118 0.000050
72.000000 0.000170 0.000038 0.000171 0.000038 0.000116 0.000045 0.000116 0.000044
73.000000 0.000168 0.000052 0.000169 0.000052 0.000106 0.000044 0.000106 0.000043
74.000000 0.000178 0.000093 0.000179 0.000093 0.000100 0.000042 0.000100 0.000041
75.000000 0.000211 0.000204 0.000212 0.000203 0.000096 0.000039 0.000096 0.000038
76.000000 0.000274 0.000417 0.000275 0.000415 0.000093 0.000037 0.000093 0.000035
77.000000 0.000389 0.000784 0.000388 0.000781 0.000088 0.000040 0.000088 0.000039
78.000000 0.000456 0.000998 0.000456 0.000994 0.000085 0.000036 0.000084 0.000035
79.000000 0.000389 0.000812 0.000389 0.000807 0.000082 0.000034 0.000082 0.000033
80.000000 0.000165 0.000156 0.000166 0.000157 0.000077 0.000030 0.000077 0.000029
81.000000 0.000132 0.000075 0.000133 0.000075 0.000073 0.000032 0.000073 0.000031
82.000000 0.000260 0.000466 0.000259 0.000462 0.000069 0.000030 0.000069 0.000029
83.000000 0.000200 0.000291 0.000200 0.000291 0.000070 0.000030 0.000070 0.000029
84.000000 0.000099 0.000025 0.000100 0.000025 0.000065 0.000027 0.000065 0.000027
85.000000 0.000170 0.000232 0.000170 0.000230 0.000064 0.000028 0.000064 0.000028
86.000000 0.000156 0.000198 0.000157 0.000200 0.000060 0.000027 0.000059 0.000027
87.000000 0.000089 0.000023 0.000089 0.000023 0.000061 0.000028 0.000061 0.000027
88.000000 0.000139 0.000164 0.000139 0.000162 0.000057 0.000026 0.000057 0.000025
89.000000 0.000112 0.000094 0.000113 0.000095 0.000056 0.000025 0.000056 0.000024
90.000000 0.000084 0.000026 0.000085 0.000026 0.000053 0.000024 0.000053 0.000023
91.000000 0.000120 0.000129 0.000120 0.000128 0.000052 0.000023 0.000052 0.000023
92.000000 0.000081 0.000027 0.000081 0.000027 0.000050 0.000023 0.000050 0.000022
93.000000 0.000089 0.000055 0.000090 0.000055 0.000049 0.000023 0.000049 0.000022
94.000000 0.000095 0.000078 0.000096 0.000077 0.000048 0.000022 0.000047 0.000021
95.000000 0.000068 0.000017 0.000069 0.000017 0.000047 0.000022 0.000047 0.000021
96.000000 0.000089 0.000073 0.000090 0.000072 0.000045 0.000021 0.000045 0.000020
97.000000 0.000072 0.000027 0.000072 0.000027 0.000044 0.000021 0.000044 0.000020
98.000000 0.000070 0.000028 0.000071 0.000027 0.000043 0.000020 0.000043 0.000019
99.000000 0.000077 0.000051 0.000078 0.000051 0.000042 0.000020 0.000042 0.000019
100.000000 0.000060 0.000014 0.000060 0.000014 0.000041 0.000020 0.000041 0.000019
101.000000 0.000072 0.000040 0.000072 0.000040 0.000040 0.000020 0.000040 0.000019
102.000000 0.000063 0.000018 0.000063 0.000019 0.000039 0.000019 0.000039 0.000018
103.000000 0.000063 0.000017 0.000063 0.000017 0.000039 0.000019 0.000038 0.000018
104.000000 0.000071 0.000034 0.000071 0.000033 0.000038 0.000018 0.000037 0.000017
105.000000 0.000070 0.000049 0.000070 0.000048 0.000037 0.000018 0.000037 0.000017
106.000000 0.000096 0.000108 0.000096 0.000106 0.000036 0.000018 0.000036 0.000017
107.000000 0.000142 0.000262 0.000141 0.000256 0.000036 0.000017 0.000036 0.000017
108.000000 0.000209 0.000467 0.000207 0.000459 0.000035 0.000017 0.000035 0.000016
109.000000 0.000354 0.000895 0.000349 0.000878 0.000034 0.000017 0.000034 0.000016
110.000000 0.000280 0.000696 0.000278 0.000688 0.000034 0.000017 0.000034 0.000016
111.000000 0.000172 0.000360 0.000170 0.000352 0.000033 0.000016 0.000033 0.000016
112.000000 0.000050 0.000011 0.000050 0.000011 0.000033 0.000016 0.000032 0.000016
113.000000 0.000126 0.000237 0.000125 0.000235 0.000032 0.000016 0.000032 0.000015
114.000000 0.000204 0.000465 0.000201 0.000456 0.000032 0.000016 0.000031 0.000015
115.000000 0.000068 0.000073 0.000068 0.000073 0.000031 0.000016 0.000031 0.000015
116.000000 0.000077 0.000096 0.000077 0.000095 0.000030 0.000015 0.000030 0.000015
117.000000 0.000153 0.000326 0.000152 0.000321 0.000030 0.000015 0.000030 0.000014
118.000000 0.000058 0.000049 0.000058 0.000049 0.000030 0.000015 0.000029 0.000014
119.000000 0.000073 0.000090 0.000073 0.000089 0.000029 0.000015 0.000029 0.000014
120.000000 0.000115 0.000223 0.000114 0.000220 0.000029 0.000014 0.000029 0.000014
121.000000 0.000043 0.000010 0.000043 0.000010 0.000028 0.000014 0.000028 0.000014
122.000000 0.000082 0.000127 0.000082 0.000125 0.000028 0.000014 0.000028 0.000013
123.000000 0.000085 0.000142 0.000085 0.000140 0.000028 0.000013 0.000028 0.000013
124.000000 0.000040 0.000008 0.000040 0.000008 0.000028 0.000013 0.000028 0.000012
125.000000 0.000088 0.000151 0.000088 0.000149 0.000029 0.000013 0.000029 0.000012
126.000000 0.000056 0.000058 0.000056 0.000058 0.000032 0.000017 0.000031 0.000016
127.000000 0.000048 0.000035 0.000049 0.000035 0.000038 0.000034 0.000038 0.000033
128.000000 0.000074 0.000115 0.000074 0.000114 0.000054 0.000080 0.000053 0.000079
129.000000 0.000036 0.000007 0.000037 0.000007 0.000092 0.000197 0.000091 0.000193
130.000000 0.000056 0.000064 0.000056 0.000064 0.000173 0.000439 0.000171 0.000434
131.000000 0.000048 0.000044 0.000048 0.000044 0.000343 0.000951 0.000339 0.000938
132.000000 0.000036 0.000009 0.000036 0.000009 0.000474 0.001344 0.000468 0.001327
133.000000 0.000052 0.000059 0.000053 0.000058 0.000476 0.001351 0.000471 0.001336
134.000000 0.000032 0.000006 0.000033 0.000006 0.000110 0.000254 0.000108 0.000251
135.000000 0.000044 0.000036 0.000044 0.000035 0.000074 0.000149 0.000074 0.000147
136.000000 0.000040 0.000026 0.000040 0.000025 0.000285 0.000780 0.000281 0.000771
137.000000 0.000032 0.000007 0.000033 0.000007 0.000121 0.000291 0.000120 0.000289
138.000000 0.000043 0.000037 0.000043 0.000036 0.000042 0.000055 0.000042 0.000055
139.000000 0.000030 0.000005 0.000031 0.000005 0.000174 0.000448 0.000172 0.000444
140.000000 0.000036 0.000021 0.000037 0.000021 0.000060 0.000106 0.000059 0.000105
141.000000 0.000034 0.000014 0.000034 0.000014 0.000064 0.000117 0.000064 0.000116
142.000000 0.000029 0.000005 0.000030 0.000005 0.000127 0.000298 0.000126 0.000294
143.000000 0.000035 0.000020 0.000035 0.000020 0.000035 0.000030 0.000036 0.000031
144.000000 0.000028 0.000005 0.000028 0.000005 0.000113 0.000207 0.000113 0.000207
145.000000 0.000032 0.000013 0.000032 0.000012 0.000121 0.000197 0.000121 0.000197
146.000000 0.000030 0.000008 0.000030 0.000008 0.000154 0.000359 0.000154 0.000360
147.000000 0.000027 0.000004 0.000028 0.000005 0.000294 0.000620 0.000295 0.000624
148.000000 0.000031 0.000012 0.000031 0.000012 0.000467 0.001308 0.000470 0.001316
149.000000 0.000026 0.000004 0.000026 0.000005 0.000352 0.000877 0.000352 0.000880
150.000000 0.000028 0.000007 0.000028 0.000007 0.000246 0.000563 0.000247 0.000569
151.000000 0.000027 0.000006 0.000027 0.000006 0.000043 0.000037 0.000043 0.000037
152.000000 0.000025 0.000004 0.000025 0.000004 0.000173 0.000282 0.000173 0.000283
153.000000 0.000027 0.000007 0.000027 0.000007 0.000342 0.000755 0.000343 0.000759
154.000000 0.000024 0.000004 0.000025 0.000004 0.000244 0.000445 0.000245 0.000447
155.000000 0.000025 0.000004 0.000026 0.000004 0.000455 0.001170 0.000455 0.001174
156.000000 0.000025 0.000004 0.000025 0.000005 0.000646 0.001444 0.000647 0.001445
157.000000 0.000023 0.000004 0.000024 0.000004 0.000865 0.002334 0.000869 0.002348
158.000000 0.000025 0.000005 0.000025 0.000005 0.000174 0.000409 0.000172 0.000404
159.000000 0.000023 0.000004 0.000024 0.000004 0.000195 0.000319 0.000194 0.000318
160.000000 0.000023 0.000004 0.000024 0.000004 0.000460 0.001242 0.000462 0.001248
161.000000 0.000023 0.000004 0.000024 0.000004 0.000140 0.000287 0.000140 0.000286
162.000000 0.000022 0.000004 0.000023 0.000004 0.000149 0.000235 0.000149 0.000234
163.000000 0.000023 0.000003 0.000023 0.000003 0.000264 0.000717 0.000266 0.000723
164.000000 0.000023 0.000003 0.000023 0.000003 0.000079 0.000102 0.000079 0.000102
165.000000 0.000023 0.000003 0.000023 0.000003 0.000190 0.000375 0.000190 0.000374
166.000000 0.000025 0.000007 0.000025 0.000007 0.000206 0.000550 0.000206 0.000550
167.000000 0.000029 0.000021 0.000029 0.000021 0.000068 0.000109 0.000069 0.000110
168.000000 0.000040 0.000056 0.000041 0.000056 0.000252 0.000598 0.000253 0.000600
169.000000 0.000072 0.000153 0.000072 0.000151 0.000147 0.000363 0.000147 0.000364
170.000000 0.000148 0.000382 0.000148 0.000381 0.000107 0.000176 0.000107 0.000177
171.000000 0.000336 0.000946 0.000334 0.000938 0.000232 0.000573 0.000232 0.000572
172.000000 0.000558 0.001611 0.000557 0.001609 0.000055 0.000083 0.000055 0.000083
173.000000 0.000671 0.001952 0.000666 0.001937 0.000138 0.000268 0.000138 0.000267
174.000000 0.000180 0.000479 0.000182 0.000484 0.000113 0.000250 0.000113 0.000253
175.000000 0.000097 0.000230 0.000097 0.000230 0.000033 0.000033 0.000033 0.000034
176.000000 0.000345 0.000975 0.000345 0.000974 0.000123 0.000246 0.000123 0.000246
177.000000 0.000058 0.000114 0.000059 0.000116 0.000026 0.000021 0.000026 0.000021
178.000000 0.000179 0.000479 0.000181 0.000484 0.000082 0.000161 0.000082 0.000162
179.000000 0.000140 0.000362 0.000141 0.000364 0.000067 0.000115 0.000067 0.000114
180.000000 0.000080 0.000184 0.000081 0.000185 0.000032 0.000048 0.000032 0.000047
181.000000 0.000149 0.000391 0.000151 0.000395 0.000082 0.000165 0.000083 0.000167
182.000000 0.000043 0.000073 0.000044 0.000075 0.000023 0.000015 0.000023 0.000015
183.000000 0.000124 0.000317 0.000125 0.000319 0.000053 0.000108 0.000053 0.000107
184.000000 0.000039 0.000061 0.000039 0.000062 0.000038 0.000045 0.000038 0.000046
185.000000 0.000101 0.000247 0.000101 0.000248 0.000029 0.000038 0.000029 0.000039
186.000000 0.000038 0.000059 0.000039 0.000060 0.000045 0.000079 0.000045 0.000078
187.000000 0.000080 0.000182 0.000081 0.000184 0.000022 0.000017 0.000022 0.000017
188.000000 0.000045 0.000072 0.000046 0.000072 0.000040 0.000078 0.000040 0.000079
189.000000 0.000068 0.000124 0.000068 0.000125 0.000025 0.000021 0.000025 0.000021
190.000000 0.000067 0.000098 0.000067 0.000098 0.000030 0.000037 0.000030 0.000037
191.000000 0.000104 0.000182 0.000104 0.000182 0.000028 0.000040 0.000028 0.000041
192.000000 0.000205 0.000463 0.000206 0.000464 0.000020 0.000014 0.000020 0.000014
193.000000 0.000335 0.000877 0.000335 0.000876 0.000030 0.000044 0.000029 0.000043
194.000000 0.000627 0.001664 0.000628 0.001665 0.000016 0.000007 0.000015 0.000007
195.000000 0.000365 0.000856 0.000365 0.000857 0.000026 0.000029 0.000026 0.000029
196.000000 0.000202 0.000385 0.000201 0.000381 0.000020 0.000019 0.000019 0.000019
197.000000 0.000342 0.000729 0.000340 0.000723 0.000017 0.000010 0.000017 0.000010
198.000000 0.000627 0.001285 0.000624 0.001273 0.000024 0.000027 0.000024 0.000028
199.000000 0.000357 0.000829 0.000357 0.000826 0.000013 0.000006 0.000013 0.000006
