# epochs mean_loss std_loss mean_test_loss std_test_loss mean_loss_grad std_loss_grad mean_test_loss_grad std_test_loss_grad
0.000000 7.639915 0.015715 7.637750 0.015822 7.634603 0.006953 7.632981 0.006917
1.000000 6.559682 0.062319 6.554295 0.062723 6.569847 0.103622 6.566485 0.104117
2.000000 3.951672 0.131313 3.938402 0.133254 2.791181 0.247931 2.781942 0.248723
3.000000 1.664578 0.287810 1.649856 0.288710 2.581915 0.725001 2.590609 0.722642
4.000000 3.034648 0.421921 3.030094 0.419042 1.132618 0.333369 1.127864 0.332654
5.000000 1.072902 0.107108 1.076506 0.110767 1.660877 0.272195 1.655289 0.271347
6.000000 0.936219 0.091461 0.935236 0.093697 1.938777 0.410830 1.934562 0.409762
7.000000 1.180453 0.079468 1.178483 0.078844 1.196219 0.411700 1.190469 0.412841
8.000000 1.203033 0.128552 1.201409 0.126831 0.703774 0.215353 0.697042 0.213553
9.000000 1.009599 0.146553 1.007665 0.145241 0.654822 0.192919 0.650936 0.194618
10.000000 0.732928 0.131131 0.730229 0.130703 0.707549 0.184404 0.704352 0.186318
11.000000 0.485061 0.099676 0.482028 0.099356 0.580383 0.203088 0.576473 0.205001
12.000000 0.345423 0.048301 0.343046 0.047020 0.435622 0.102596 0.430811 0.101517
13.000000 0.319256 0.039559 0.318106 0.038265 0.403547 0.117537 0.398105 0.115728
14.000000 0.340338 0.029348 0.339763 0.029356 0.397948 0.117108 0.393390 0.115491
15.000000 0.340585 0.033568 0.339788 0.033541 0.344802 0.085440 0.341682 0.083940
16.000000 0.292532 0.036464 0.291698 0.037187 0.285449 0.061539 0.283441 0.061069
17.000000 0.224571 0.034082 0.224128 0.034988 0.256724 0.064865 0.255299 0.065838
18.000000 0.186509 0.016042 0.186624 0.016669 0.249305 0.096685 0.247914 0.098036
19.000000 0.197177 0.015722 0.197663 0.015528 0.231904 0.051458 0.230338 0.051357
20.000000 0.218952 0.018601 0.219450 0.018341 0.200277 0.054811 0.198407 0.054150
21.000000 0.211333 0.025640 0.211566 0.025736 0.176871 0.048307 0.174855 0.047939
22.000000 0.178856 0.032174 0.178718 0.032258 0.168878 0.063289 0.167086 0.062904
23.000000 0.143299 0.027233 0.142919 0.027143 0.157544 0.044755 0.156104 0.044859
24.000000 0.117749 0.017515 0.117248 0.017502 0.145995 0.029194 0.144585 0.029522
25.000000 0.108615 0.010819 0.107883 0.011322 0.138608 0.023736 0.137002 0.023931
26.000000 0.111437 0.008289 0.110338 0.008522 0.130269 0.039722 0.128631 0.039889
27.000000 0.110544 0.007646 0.109183 0.007562 0.112472 0.021394 0.110901 0.021460
28.000000 0.100572 0.013078 0.099189 0.013086 0.103332 0.019756 0.101862 0.019700
29.000000 0.090333 0.012184 0.089093 0.012064 0.113356 0.027631 0.112048 0.027370
30.000000 0.084267 0.007558 0.083244 0.007503 0.105678 0.019983 0.104507 0.019621
31.000000 0.079868 0.004578 0.079059 0.004606 0.087822 0.012381 0.086768 0.012530
32.000000 0.075764 0.004972 0.075082 0.004841 0.087255 0.014767 0.086293 0.014997
33.000000 0.071063 0.004868 0.070414 0.004761 0.089948 0.022619 0.088979 0.022664
34.000000 0.064446 0.007147 0.063810 0.007098 0.082941 0.012049 0.081980 0.012050
35.000000 0.057158 0.005906 0.056561 0.005939 0.075099 0.008218 0.074129 0.008139
36.000000 0.052546 0.003533 0.051994 0.003598 0.071218 0.014683 0.070121 0.014661
37.000000 0.050861 0.002994 0.050337 0.002795 0.070711 0.014874 0.069518 0.014793
38.000000 0.048470 0.003360 0.047992 0.003253 0.068134 0.011334 0.066972 0.011286
39.000000 0.044101 0.004526 0.043715 0.004529 0.062542 0.009012 0.061432 0.008981
40.000000 0.040128 0.004620 0.039831 0.004590 0.059661 0.008707 0.058584 0.008709
41.000000 0.037677 0.003471 0.037396 0.003502 0.057630 0.010333 0.056600 0.010329
42.000000 0.036130 0.002651 0.035808 0.002670 0.054573 0.010304 0.053598 0.010270
43.000000 0.035023 0.003126 0.034686 0.003100 0.052214 0.007763 0.051296 0.007669
44.000000 0.033807 0.002795 0.033501 0.002718 0.050733 0.008634 0.049887 0.008503
45.000000 0.031767 0.002634 0.031496 0.002571 0.048952 0.008680 0.048148 0.008530
46.000000 0.029090 0.002741 0.028832 0.002723 0.046064 0.007693 0.045232 0.007449
47.000000 0.027364 0.002241 0.027104 0.002234 0.044835 0.008755 0.043964 0.008468
48.000000 0.026798 0.001849 0.026529 0.001776 0.043942 0.008602 0.043082 0.008347
49.000000 0.025859 0.002215 0.025604 0.002130 0.041275 0.006802 0.040458 0.006580
50.000000 0.024481 0.001895 0.024274 0.001835 0.039846 0.007049 0.039055 0.006768
51.000000 0.023216 0.001941 0.023066 0.001896 0.039149 0.008787 0.038362 0.008475
52.000000 0.021894 0.001856 0.021778 0.001799 0.037706 0.007652 0.036928 0.007363
53.000000 0.020979 0.001786 0.020858 0.001691 0.036046 0.005743 0.035292 0.005486
54.000000 0.020558 0.001539 0.020424 0.001446 0.034882 0.006889 0.034169 0.006678
55.000000 0.019679 0.001483 0.019551 0.001403 0.034113 0.007794 0.033446 0.007644
56.000000 0.018694 0.001757 0.018582 0.001685 0.032883 0.006304 0.032239 0.006179
57.000000 0.018081 0.001837 0.017973 0.001766 0.031733 0.005871 0.031099 0.005728
58.000000 0.017385 0.001707 0.017269 0.001620 0.030812 0.007016 0.030200 0.006884
59.000000 0.016876 0.001387 0.016749 0.001326 0.029705 0.006553 0.029117 0.006442
60.000000 0.016545 0.001196 0.016415 0.001158 0.028992 0.005948 0.028419 0.005840
61.000000 0.015911 0.001415 0.015790 0.001377 0.028311 0.006428 0.027747 0.006319
62.000000 0.015213 0.001622 0.015101 0.001568 0.027208 0.006213 0.026661 0.006097
63.000000 0.014782 0.001500 0.014680 0.001430 0.026411 0.005967 0.025888 0.005827
64.000000 0.014398 0.001262 0.014305 0.001200 0.025811 0.006264 0.025312 0.006120
65.000000 0.014061 0.001198 0.013973 0.001144 0.024851 0.006037 0.024373 0.005913
66.000000 0.013716 0.001262 0.013627 0.001204 0.024073 0.005677 0.023607 0.005555
67.000000 0.013167 0.001421 0.013073 0.001365 0.023593 0.005885 0.023126 0.005757
68.000000 0.012777 0.001359 0.012678 0.001307 0.022780 0.005825 0.022305 0.005684
69.000000 0.012555 0.001158 0.012454 0.001107 0.022058 0.005550 0.021578 0.005395
70.000000 0.012268 0.001142 0.012165 0.001098 0.021521 0.005491 0.021042 0.005340
71.000000 0.011966 0.001227 0.011863 0.001182 0.020972 0.005666 0.020505 0.005525
72.000000 0.011652 0.001250 0.011549 0.001199 0.020345 0.005485 0.019900 0.005346
73.000000 0.011387 0.001181 0.011285 0.001125 0.019744 0.005278 0.019316 0.005133
74.000000 0.011200 0.001111 0.011099 0.001053 0.019353 0.005403 0.018931 0.005251
75.000000 0.010984 0.001127 0.010884 0.001068 0.018742 0.005354 0.018324 0.005213
76.000000 0.010702 0.001186 0.010599 0.001128 0.018181 0.005126 0.017774 0.005006
77.000000 0.010465 0.001146 0.010355 0.001088 0.017846 0.005218 0.017451 0.005119
78.000000 0.010268 0.001091 0.010154 0.001035 0.017338 0.005110 0.016953 0.005012
79.000000 0.010093 0.001056 0.009983 0.001004 0.016812 0.004953 0.016432 0.004841
80.000000 0.009896 0.001066 0.009796 0.001021 0.016424 0.004999 0.016049 0.004881
81.000000 0.009689 0.001088 0.009597 0.001052 0.015998 0.004897 0.015630 0.004790
82.000000 0.009515 0.001048 0.009426 0.001016 0.015556 0.004786 0.015199 0.004694
83.000000 0.009370 0.001022 0.009282 0.000987 0.015187 0.004772 0.014843 0.004692
84.000000 0.009205 0.001021 0.009116 0.000980 0.014788 0.004704 0.014455 0.004629
85.000000 0.009035 0.001017 0.008942 0.000972 0.014427 0.004607 0.014105 0.004532
86.000000 0.008881 0.001008 0.008785 0.000962 0.014043 0.004576 0.013728 0.004508
87.000000 0.008748 0.000987 0.008650 0.000943 0.013701 0.004518 0.013394 0.004456
88.000000 0.008615 0.000971 0.008519 0.000926 0.013345 0.004417 0.013045 0.004354
89.000000 0.008470 0.000962 0.008380 0.000913 0.013007 0.004377 0.012714 0.004311
90.000000 0.008340 0.000954 0.008254 0.000903 0.012692 0.004306 0.012405 0.004238
91.000000 0.008216 0.000946 0.008133 0.000896 0.012363 0.004214 0.012083 0.004148
92.000000 0.008096 0.000930 0.008014 0.000885 0.012062 0.004173 0.011790 0.004111
93.000000 0.007973 0.000918 0.007891 0.000876 0.011762 0.004083 0.011496 0.004019
94.000000 0.007855 0.000910 0.007774 0.000867 0.011457 0.004011 0.011197 0.003946
95.000000 0.007742 0.000897 0.007661 0.000856 0.011194 0.003948 0.010942 0.003886
96.000000 0.007634 0.000887 0.007553 0.000846 0.010914 0.003862 0.010671 0.003807
97.000000 0.007532 0.000878 0.007452 0.000834 0.010650 0.003794 0.010413 0.003742
98.000000 0.007429 0.000866 0.007350 0.000820 0.010395 0.003721 0.010159 0.003667
99.000000 0.007328 0.000856 0.007251 0.000810 0.010148 0.003642 0.009914 0.003583
100.000000 0.007230 0.000846 0.007155 0.000802 0.009903 0.003577 0.009678 0.003520
101.000000 0.007137 0.000837 0.007062 0.000796 0.009676 0.003502 0.009462 0.003451
102.000000 0.007046 0.000823 0.006971 0.000783 0.009448 0.003426 0.009240 0.003376
103.000000 0.006956 0.000813 0.006881 0.000774 0.009230 0.003363 0.009023 0.003310
104.000000 0.006867 0.000807 0.006794 0.000767 0.009019 0.003287 0.008812 0.003231
105.000000 0.006783 0.000800 0.006711 0.000759 0.008814 0.003218 0.008613 0.003163
106.000000 0.006699 0.000788 0.006627 0.000746 0.008621 0.003155 0.008426 0.003102
107.000000 0.006618 0.000776 0.006546 0.000734 0.008423 0.003082 0.008231 0.003027
108.000000 0.006538 0.000769 0.006468 0.000728 0.008243 0.003024 0.008052 0.002965
109.000000 0.006461 0.000762 0.006393 0.000722 0.008063 0.002960 0.007875 0.002899
110.000000 0.006386 0.000751 0.006320 0.000712 0.007889 0.002895 0.007705 0.002834
111.000000 0.006311 0.000741 0.006246 0.000702 0.007723 0.002840 0.007544 0.002780
112.000000 0.006239 0.000733 0.006175 0.000693 0.007559 0.002777 0.007383 0.002716
113.000000 0.006168 0.000726 0.006105 0.000686 0.007404 0.002721 0.007231 0.002660
114.000000 0.006098 0.000716 0.006036 0.000675 0.007250 0.002665 0.007082 0.002605
115.000000 0.006030 0.000707 0.005967 0.000666 0.007102 0.002606 0.006939 0.002546
116.000000 0.005963 0.000699 0.005900 0.000659 0.006958 0.002553 0.006798 0.002493
117.000000 0.005899 0.000692 0.005837 0.000653 0.006817 0.002498 0.006659 0.002439
118.000000 0.005835 0.000684 0.005774 0.000646 0.006682 0.002445 0.006528 0.002387
119.000000 0.005772 0.000675 0.005713 0.000637 0.006549 0.002393 0.006398 0.002335
120.000000 0.005710 0.000667 0.005653 0.000629 0.006420 0.002341 0.006272 0.002283
121.000000 0.005650 0.000660 0.005594 0.000622 0.006297 0.002293 0.006151 0.002235
122.000000 0.005591 0.000652 0.005536 0.000614 0.006175 0.002243 0.006033 0.002186
123.000000 0.005533 0.000644 0.005479 0.000605 0.006057 0.002197 0.005919 0.002139
124.000000 0.005476 0.000637 0.005422 0.000598 0.005944 0.002150 0.005808 0.002093
125.000000 0.005420 0.000630 0.005367 0.000591 0.005832 0.002105 0.005699 0.002047
126.000000 0.005365 0.000622 0.005314 0.000585 0.005725 0.002061 0.005595 0.002005
127.000000 0.005311 0.000615 0.005261 0.000577 0.005619 0.002017 0.005493 0.001962
128.000000 0.005258 0.000608 0.005210 0.000571 0.005517 0.001976 0.005393 0.001921
129.000000 0.005206 0.000601 0.005159 0.000565 0.005417 0.001933 0.005296 0.001880
130.000000 0.005155 0.000594 0.005109 0.000558 0.005320 0.001893 0.005200 0.001840
131.000000 0.005105 0.000587 0.005060 0.000550 0.005225 0.001853 0.005108 0.001801
132.000000 0.005056 0.000580 0.005011 0.000544 0.005133 0.001813 0.005018 0.001762
133.000000 0.005007 0.000574 0.004964 0.000538 0.005043 0.001776 0.004930 0.001726
134.000000 0.004959 0.000567 0.004917 0.000532 0.004955 0.001738 0.004845 0.001689
135.000000 0.004912 0.000561 0.004871 0.000525 0.004870 0.001703 0.004762 0.001654
136.000000 0.004866 0.000555 0.004826 0.000519 0.004786 0.001668 0.004680 0.001620
137.000000 0.004821 0.000548 0.004782 0.000513 0.004705 0.001634 0.004601 0.001587
138.000000 0.004776 0.000542 0.004738 0.000507 0.004626 0.001601 0.004525 0.001555
139.000000 0.004732 0.000536 0.004695 0.000501 0.004549 0.001570 0.004450 0.001524
140.000000 0.004689 0.000530 0.004653 0.000496 0.004474 0.001539 0.004377 0.001494
141.000000 0.004646 0.000524 0.004611 0.000490 0.004401 0.001510 0.004306 0.001465
142.000000 0.004604 0.000518 0.004570 0.000485 0.004329 0.001481 0.004238 0.001438
143.000000 0.004562 0.000513 0.004529 0.000479 0.004260 0.001453 0.004170 0.001411
144.000000 0.004522 0.000507 0.004490 0.000473 0.004192 0.001427 0.004104 0.001385
145.000000 0.004481 0.000501 0.004451 0.000468 0.004126 0.001401 0.004039 0.001359
146.000000 0.004442 0.000496 0.004412 0.000463 0.004061 0.001376 0.003977 0.001335
147.000000 0.004403 0.000491 0.004374 0.000458 0.003998 0.001353 0.003916 0.001312
148.000000 0.004365 0.000485 0.004337 0.000453 0.003937 0.001329 0.003856 0.001289
149.000000 0.004327 0.000480 0.004300 0.000448 0.003877 0.001307 0.003798 0.001267
150.000000 0.004289 0.000475 0.004264 0.000444 0.003819 0.001286 0.003741 0.001246
151.000000 0.004253 0.000470 0.004228 0.000439 0.003762 0.001265 0.003686 0.001225
152.000000 0.004216 0.000465 0.004193 0.000434 0.003706 0.001245 0.003631 0.001205
153.000000 0.004181 0.000460 0.004158 0.000429 0.003652 0.001226 0.003578 0.001187
154.000000 0.004145 0.000455 0.004124 0.000425 0.003599 0.001207 0.003527 0.001169
155.000000 0.004111 0.000450 0.004090 0.000420 0.003547 0.001189 0.003477 0.001151
156.000000 0.004076 0.000445 0.004057 0.000416 0.003497 0.001171 0.003428 0.001134
157.000000 0.004042 0.000441 0.004024 0.000411 0.003448 0.001154 0.003380 0.001117
158.000000 0.004009 0.000436 0.003992 0.000407 0.003400 0.001138 0.003334 0.001102
159.000000 0.003976 0.000432 0.003960 0.000403 0.003353 0.001123 0.003289 0.001086
160.000000 0.003944 0.000427 0.003928 0.000399 0.003307 0.001107 0.003244 0.001072
161.000000 0.003912 0.000423 0.003897 0.000395 0.003263 0.001093 0.003201 0.001058
162.000000 0.003880 0.000418 0.003866 0.000390 0.003219 0.001079 0.003159 0.001044
163.000000 0.003849 0.000414 0.003836 0.000386 0.003177 0.001065 0.003118 0.001031
164.000000 0.003818 0.000410 0.003806 0.000383 0.003135 0.001052 0.003077 0.001019
165.000000 0.003788 0.000406 0.003777 0.000379 0.003095 0.001039 0.003038 0.001007
166.000000 0.003758 0.000402 0.003748 0.000375 0.003055 0.001026 0.003000 0.000995
167.000000 0.003728 0.000398 0.003719 0.000371 0.003017 0.001014 0.002963 0.000984
168.000000 0.003699 0.000394 0.003691 0.000368 0.002979 0.001003 0.002926 0.000973
169.000000 0.003670 0.000390 0.003663 0.000364 0.002942 0.000992 0.002891 0.000962
170.000000 0.003641 0.000386 0.003635 0.000361 0.002906 0.000981 0.002856 0.000952
171.000000 0.003613 0.000382 0.003608 0.000357 0.002871 0.000970 0.002821 0.000942
172.000000 0.003585 0.000379 0.003581 0.000354 0.002836 0.000960 0.002788 0.000932
173.000000 0.003558 0.000375 0.003554 0.000350 0.002802 0.000950 0.002755 0.000923
174.000000 0.003531 0.000371 0.003528 0.000347 0.002769 0.000940 0.002723 0.000914
175.000000 0.003504 0.000368 0.003502 0.000344 0.002737 0.000930 0.002692 0.000905
176.000000 0.003477 0.000364 0.003477 0.000340 0.002705 0.000921 0.002661 0.000896
177.000000 0.003451 0.000361 0.003451 0.000337 0.002674 0.000912 0.002631 0.000888
178.000000 0.003425 0.000357 0.003426 0.000334 0.002644 0.000903 0.002602 0.000880
179.000000 0.003400 0.000354 0.003402 0.000331 0.002614 0.000895 0.002573 0.000871
180.000000 0.003375 0.000351 0.003377 0.000328 0.002585 0.000887 0.002545 0.000864
181.000000 0.003350 0.000347 0.003353 0.000325 0.002557 0.000881 0.002518 0.000858
182.000000 0.003325 0.000344 0.003329 0.000322 0.002532 0.000879 0.002494 0.000857
183.000000 0.003301 0.000341 0.003306 0.000319 0.002515 0.000895 0.002478 0.000873
184.000000 0.003277 0.000338 0.003282 0.000316 0.002525 0.000971 0.002488 0.000951
185.000000 0.003253 0.000335 0.003259 0.000313 0.002624 0.001282 0.002587 0.001260
186.000000 0.003229 0.000332 0.003237 0.000311 0.002990 0.002374 0.002955 0.002354
187.000000 0.003206 0.000329 0.003214 0.000308 0.003992 0.005362 0.003955 0.005338
188.000000 0.003183 0.000326 0.003192 0.000305 0.005923 0.011046 0.005885 0.011016
189.000000 0.003160 0.000323 0.003170 0.000303 0.006794 0.013309 0.006766 0.013310
190.000000 0.003138 0.000320 0.003149 0.000300 0.005905 0.010053 0.005864 0.010017
191.000000 0.003116 0.000317 0.003127 0.000297 0.003190 0.002298 0.003158 0.002280
192.000000 0.003094 0.000314 0.003106 0.000295 0.003743 0.003719 0.003714 0.003713
193.000000 0.003072 0.000311 0.003085 0.000292 0.005301 0.009223 0.005264 0.009190
194.000000 0.003051 0.000309 0.003064 0.000290 0.003468 0.004306 0.003444 0.004310
195.000000 0.003029 0.000306 0.003044 0.000287 0.002463 0.001096 0.002430 0.001072
196.000000 0.003008 0.000303 0.003023 0.000285 0.003816 0.004606 0.003780 0.004569
197.000000 0.002988 0.000301 0.003003 0.000283 0.003682 0.004585 0.003653 0.004571
198.000000 0.002967 0.000298 0.002984 0.000280 0.002368 0.001291 0.002337 0.001266
199.000000 0.002947 0.000296 0.002964 0.000278 0.002611 0.001874 0.002583 0.001854
