# epochs mean_loss std_loss mean_test_loss std_test_loss mean_loss_grad std_loss_grad mean_test_loss_grad std_test_loss_grad
0.000000 0.041033 0.004258 0.041162 0.004229 0.035332 0.000310 0.035505 0.000311
1.000000 0.030150 0.002513 0.030253 0.002517 0.031588 0.000692 0.031731 0.000697
2.000000 0.025084 0.001077 0.025168 0.001079 0.028361 0.000735 0.028457 0.000728
3.000000 0.022737 0.001100 0.022835 0.001066 0.028520 0.000610 0.028572 0.000609
4.000000 0.019825 0.001418 0.019956 0.001377 0.025951 0.000565 0.026034 0.000552
5.000000 0.017053 0.001098 0.017175 0.001068 0.024788 0.000764 0.024908 0.000764
6.000000 0.015464 0.000728 0.015528 0.000694 0.023877 0.000945 0.024012 0.000951
7.000000 0.014714 0.000537 0.014734 0.000500 0.022265 0.000823 0.022395 0.000827
8.000000 0.013939 0.000524 0.013951 0.000488 0.020851 0.000815 0.020970 0.000808
9.000000 0.012795 0.000553 0.012818 0.000533 0.020333 0.000871 0.020447 0.000859
10.000000 0.011692 0.000601 0.011731 0.000591 0.019820 0.000434 0.019935 0.000434
11.000000 0.010864 0.000633 0.010916 0.000623 0.019104 0.000341 0.019221 0.000357
12.000000 0.010233 0.000664 0.010292 0.000651 0.018664 0.000502 0.018784 0.000520
13.000000 0.009564 0.000641 0.009626 0.000639 0.018191 0.000520 0.018313 0.000545
14.000000 0.008768 0.000572 0.008820 0.000593 0.017651 0.000439 0.017768 0.000463
15.000000 0.007914 0.000548 0.007942 0.000582 0.017321 0.000431 0.017423 0.000437
16.000000 0.007128 0.000584 0.007118 0.000607 0.017042 0.000419 0.017125 0.000422
17.000000 0.006554 0.000600 0.006499 0.000607 0.016704 0.000358 0.016773 0.000371
18.000000 0.006163 0.000501 0.006075 0.000501 0.016450 0.000382 0.016510 0.000411
19.000000 0.005757 0.000403 0.005667 0.000407 0.016160 0.000459 0.016209 0.000493
20.000000 0.005345 0.000360 0.005277 0.000367 0.015819 0.000480 0.015854 0.000511
21.000000 0.004965 0.000336 0.004919 0.000341 0.015538 0.000463 0.015557 0.000492
22.000000 0.004674 0.000315 0.004638 0.000317 0.015252 0.000412 0.015259 0.000451
23.000000 0.004479 0.000332 0.004449 0.000334 0.015056 0.000319 0.015055 0.000365
24.000000 0.004297 0.000340 0.004272 0.000339 0.014866 0.000260 0.014850 0.000301
25.000000 0.004068 0.000364 0.004051 0.000357 0.014682 0.000219 0.014650 0.000251
26.000000 0.003827 0.000342 0.003816 0.000331 0.014548 0.000201 0.014508 0.000226
27.000000 0.003618 0.000358 0.003606 0.000345 0.014403 0.000175 0.014362 0.000201
28.000000 0.003377 0.000364 0.003373 0.000360 0.014282 0.000165 0.014239 0.000192
29.000000 0.003143 0.000378 0.003135 0.000369 0.014190 0.000141 0.014143 0.000161
30.000000 0.002955 0.000377 0.002955 0.000372 0.014115 0.000118 0.014066 0.000123
31.000000 0.002771 0.000359 0.002776 0.000353 0.014045 0.000111 0.013994 0.000108
32.000000 0.002576 0.000323 0.002591 0.000326 0.013988 0.000107 0.013937 0.000097
33.000000 0.002390 0.000303 0.002406 0.000301 0.013924 0.000105 0.013876 0.000093
34.000000 0.002228 0.000296 0.002249 0.000298 0.013857 0.000105 0.013810 0.000098
35.000000 0.002079 0.000297 0.002106 0.000302 0.013788 0.000100 0.013740 0.000100
36.000000 0.001925 0.000288 0.001952 0.000290 0.013739 0.000100 0.013687 0.000106
37.000000 0.001775 0.000277 0.001805 0.000280 0.013690 0.000089 0.013631 0.000097
38.000000 0.001650 0.000281 0.001682 0.000283 0.013648 0.000076 0.013585 0.000083
39.000000 0.001526 0.000283 0.001558 0.000281 0.013608 0.000073 0.013547 0.000081
40.000000 0.001403 0.000286 0.001435 0.000284 0.013567 0.000070 0.013508 0.000075
41.000000 0.001284 0.000284 0.001318 0.000284 0.013522 0.000064 0.013467 0.000068
42.000000 0.001171 0.000269 0.001206 0.000269 0.013481 0.000062 0.013429 0.000067
43.000000 0.001068 0.000245 0.001100 0.000245 0.013450 0.000057 0.013399 0.000059
44.000000 0.000976 0.000222 0.001006 0.000222 0.013427 0.000052 0.013377 0.000053
45.000000 0.000891 0.000206 0.000919 0.000206 0.013402 0.000042 0.013354 0.000044
46.000000 0.000814 0.000186 0.000841 0.000188 0.013371 0.000041 0.013325 0.000042
47.000000 0.000752 0.000166 0.000776 0.000169 0.013341 0.000041 0.013297 0.000044
48.000000 0.000696 0.000142 0.000718 0.000144 0.013313 0.000039 0.013269 0.000046
49.000000 0.000643 0.000120 0.000663 0.000120 0.013291 0.000040 0.013247 0.000047
50.000000 0.000596 0.000102 0.000616 0.000101 0.013269 0.000038 0.013223 0.000044
51.000000 0.000556 0.000089 0.000574 0.000088 0.013249 0.000035 0.013202 0.000040
52.000000 0.000522 0.000077 0.000540 0.000075 0.013227 0.000036 0.013179 0.000039
53.000000 0.000494 0.000066 0.000510 0.000063 0.013207 0.000035 0.013159 0.000036
54.000000 0.000470 0.000059 0.000486 0.000056 0.013189 0.000034 0.013143 0.000034
55.000000 0.000449 0.000056 0.000464 0.000053 0.013173 0.000034 0.013129 0.000032
56.000000 0.000430 0.000052 0.000444 0.000049 0.013156 0.000033 0.013113 0.000030
57.000000 0.000408 0.000047 0.000423 0.000045 0.013141 0.000032 0.013098 0.000029
58.000000 0.000390 0.000045 0.000404 0.000042 0.013125 0.000033 0.013082 0.000030
59.000000 0.000376 0.000043 0.000391 0.000040 0.013108 0.000032 0.013064 0.000028
60.000000 0.000362 0.000040 0.000378 0.000037 0.013091 0.000032 0.013046 0.000028
61.000000 0.000348 0.000038 0.000363 0.000035 0.013077 0.000032 0.013031 0.000028
62.000000 0.000333 0.000037 0.000348 0.000035 0.013063 0.000032 0.013016 0.000028
63.000000 0.000320 0.000034 0.000335 0.000032 0.013049 0.000032 0.013002 0.000028
64.000000 0.000309 0.000031 0.000324 0.000029 0.013036 0.000030 0.012987 0.000028
65.000000 0.000299 0.000029 0.000315 0.000027 0.013023 0.000030 0.012975 0.000028
66.000000 0.000290 0.000027 0.000306 0.000026 0.013010 0.000030 0.012963 0.000028
67.000000 0.000281 0.000026 0.000297 0.000025 0.012998 0.000029 0.012951 0.000027
68.000000 0.000273 0.000024 0.000290 0.000024 0.012986 0.000029 0.012940 0.000028
69.000000 0.000266 0.000023 0.000282 0.000022 0.012974 0.000028 0.012929 0.000027
70.000000 0.000258 0.000022 0.000275 0.000022 0.012963 0.000028 0.012919 0.000026
71.000000 0.000252 0.000021 0.000269 0.000021 0.012951 0.000028 0.012909 0.000026
72.000000 0.000246 0.000020 0.000263 0.000020 0.012940 0.000028 0.012898 0.000026
73.000000 0.000240 0.000019 0.000258 0.000019 0.012929 0.000027 0.012888 0.000026
74.000000 0.000235 0.000019 0.000253 0.000019 0.012918 0.000026 0.012879 0.000026
75.000000 0.000230 0.000018 0.000247 0.000018 0.012908 0.000026 0.012869 0.000025
76.000000 0.000224 0.000017 0.000242 0.000017 0.012897 0.000026 0.012859 0.000025
77.000000 0.000220 0.000016 0.000237 0.000016 0.012887 0.000026 0.012849 0.000025
78.000000 0.000215 0.000015 0.000233 0.000015 0.012876 0.000026 0.012839 0.000026
79.000000 0.000210 0.000014 0.000228 0.000014 0.012866 0.000026 0.012830 0.000026
80.000000 0.000206 0.000014 0.000224 0.000014 0.012856 0.000026 0.012820 0.000026
81.000000 0.000203 0.000013 0.000220 0.000013 0.012846 0.000026 0.012811 0.000026
82.000000 0.000201 0.000014 0.000218 0.000014 0.012836 0.000026 0.012802 0.000026
83.000000 0.000201 0.000020 0.000218 0.000019 0.012827 0.000026 0.012792 0.000026
84.000000 0.000205 0.000037 0.000222 0.000037 0.012817 0.000026 0.012783 0.000026
85.000000 0.000212 0.000064 0.000229 0.000063 0.012807 0.000027 0.012774 0.000027
86.000000 0.000199 0.000034 0.000216 0.000034 0.012799 0.000027 0.012766 0.000027
87.000000 0.000187 0.000013 0.000204 0.000014 0.012791 0.000029 0.012760 0.000028
88.000000 0.000190 0.000019 0.000206 0.000019 0.012789 0.000038 0.012759 0.000038
89.000000 0.000192 0.000029 0.000209 0.000030 0.012798 0.000070 0.012768 0.000070
90.000000 0.000187 0.000017 0.000204 0.000017 0.012812 0.000118 0.012785 0.000119
91.000000 0.000185 0.000019 0.000201 0.000019 0.012800 0.000107 0.012773 0.000108
92.000000 0.000192 0.000033 0.000209 0.000034 0.012748 0.000034 0.012721 0.000033
93.000000 0.000192 0.000040 0.000207 0.000038 0.012751 0.000060 0.012725 0.000059
94.000000 0.000175 0.000013 0.000191 0.000014 0.012761 0.000087 0.012735 0.000087
95.000000 0.000173 0.000018 0.000190 0.000018 0.012722 0.000037 0.012697 0.000036
96.000000 0.000177 0.000020 0.000193 0.000020 0.012719 0.000054 0.012695 0.000053
97.000000 0.000172 0.000017 0.000188 0.000018 0.012721 0.000060 0.012696 0.000058
98.000000 0.000170 0.000016 0.000187 0.000017 0.012698 0.000030 0.012674 0.000029
99.000000 0.000168 0.000018 0.000184 0.000018 0.012710 0.000059 0.012687 0.000057
100.000000 0.000165 0.000013 0.000182 0.000014 0.012711 0.000074 0.012690 0.000079
101.000000 0.000168 0.000017 0.000185 0.000018 0.012684 0.000032 0.012664 0.000035
102.000000 0.000162 0.000016 0.000179 0.000016 0.012690 0.000069 0.012668 0.000070
103.000000 0.000158 0.000008 0.000175 0.000009 0.012701 0.000098 0.012684 0.000108
104.000000 0.000163 0.000016 0.000180 0.000016 0.012660 0.000047 0.012640 0.000049
105.000000 0.000159 0.000012 0.000176 0.000012 0.012637 0.000028 0.012618 0.000026
106.000000 0.000157 0.000013 0.000173 0.000012 0.012657 0.000059 0.012641 0.000067
107.000000 0.000167 0.000023 0.000184 0.000024 0.012622 0.000038 0.012605 0.000039
108.000000 0.000175 0.000048 0.000192 0.000048 0.012615 0.000030 0.012598 0.000028
109.000000 0.000175 0.000050 0.000193 0.000051 0.012619 0.000044 0.012605 0.000050
110.000000 0.000180 0.000043 0.000197 0.000043 0.012595 0.000029 0.012582 0.000027
111.000000 0.000165 0.000028 0.000183 0.000029 0.012610 0.000044 0.012595 0.000042
112.000000 0.000163 0.000029 0.000180 0.000030 0.012622 0.000095 0.012613 0.000097
113.000000 0.000164 0.000042 0.000182 0.000042 0.012620 0.000116 0.012609 0.000114
114.000000 0.000153 0.000015 0.000170 0.000015 0.012588 0.000077 0.012578 0.000084
115.000000 0.000156 0.000020 0.000173 0.000021 0.012559 0.000040 0.012550 0.000035
116.000000 0.000161 0.000031 0.000178 0.000032 0.012569 0.000065 0.012562 0.000062
117.000000 0.000147 0.000014 0.000164 0.000014 0.012552 0.000064 0.012547 0.000069
118.000000 0.000145 0.000011 0.000162 0.000011 0.012534 0.000041 0.012528 0.000037
119.000000 0.000152 0.000023 0.000170 0.000024 0.012536 0.000050 0.012531 0.000048
120.000000 0.000145 0.000014 0.000162 0.000014 0.012526 0.000060 0.012521 0.000058
121.000000 0.000140 0.000009 0.000157 0.000010 0.012538 0.000099 0.012535 0.000099
122.000000 0.000143 0.000017 0.000160 0.000018 0.012553 0.000144 0.012550 0.000141
123.000000 0.000140 0.000011 0.000157 0.000012 0.012531 0.000102 0.012531 0.000099
124.000000 0.000139 0.000010 0.000156 0.000010 0.012506 0.000066 0.012507 0.000059
125.000000 0.000140 0.000014 0.000157 0.000014 0.012504 0.000104 0.012503 0.000102
126.000000 0.000139 0.000011 0.000155 0.000011 0.012476 0.000055 0.012477 0.000053
127.000000 0.000146 0.000025 0.000162 0.000023 0.012476 0.000056 0.012479 0.000052
128.000000 0.000150 0.000033 0.000166 0.000032 0.012473 0.000078 0.012475 0.000074
129.000000 0.000149 0.000042 0.000165 0.000040 0.012440 0.000032 0.012442 0.000029
130.000000 0.000143 0.000021 0.000160 0.000022 0.012451 0.000061 0.012455 0.000056
131.000000 0.000148 0.000041 0.000165 0.000040 0.012436 0.000046 0.012441 0.000041
132.000000 0.000152 0.000049 0.000169 0.000050 0.012419 0.000038 0.012425 0.000037
133.000000 0.000151 0.000043 0.000167 0.000043 0.012424 0.000054 0.012432 0.000050
134.000000 0.000136 0.000015 0.000153 0.000016 0.012406 0.000028 0.012413 0.000023
135.000000 0.000133 0.000017 0.000150 0.000018 0.012409 0.000054 0.012417 0.000053
136.000000 0.000143 0.000036 0.000160 0.000036 0.012411 0.000067 0.012420 0.000064
137.000000 0.000137 0.000021 0.000153 0.000021 0.012416 0.000106 0.012426 0.000105
138.000000 0.000125 0.000009 0.000142 0.000009 0.012387 0.000051 0.012396 0.000048
139.000000 0.000131 0.000019 0.000148 0.000020 0.012372 0.000033 0.012383 0.000028
140.000000 0.000133 0.000019 0.000149 0.000019 0.012385 0.000074 0.012397 0.000072
141.000000 0.000124 0.000009 0.000140 0.000010 0.012364 0.000033 0.012376 0.000038
142.000000 0.000126 0.000014 0.000142 0.000014 0.012381 0.000075 0.012394 0.000082
143.000000 0.000130 0.000016 0.000147 0.000016 0.012401 0.000137 0.012417 0.000151
144.000000 0.000126 0.000014 0.000142 0.000014 0.012346 0.000045 0.012361 0.000051
145.000000 0.000127 0.000023 0.000144 0.000023 0.012345 0.000045 0.012360 0.000048
146.000000 0.000137 0.000044 0.000153 0.000042 0.012349 0.000078 0.012368 0.000092
147.000000 0.000133 0.000042 0.000149 0.000043 0.012316 0.000032 0.012334 0.000032
148.000000 0.000127 0.000032 0.000143 0.000030 0.012330 0.000055 0.012348 0.000061
149.000000 0.000120 0.000012 0.000137 0.000013 0.012309 0.000036 0.012330 0.000045
150.000000 0.000123 0.000018 0.000140 0.000018 0.012301 0.000034 0.012323 0.000039
151.000000 0.000129 0.000037 0.000144 0.000036 0.012301 0.000043 0.012322 0.000049
152.000000 0.000123 0.000018 0.000140 0.000019 0.012282 0.000030 0.012305 0.000030
153.000000 0.000123 0.000021 0.000140 0.000021 0.012287 0.000037 0.012311 0.000046
154.000000 0.000128 0.000031 0.000145 0.000031 0.012273 0.000029 0.012298 0.000028
155.000000 0.000126 0.000030 0.000143 0.000030 0.012284 0.000041 0.012309 0.000046
156.000000 0.000118 0.000016 0.000134 0.000017 0.012281 0.000063 0.012309 0.000068
157.000000 0.000116 0.000016 0.000132 0.000016 0.012288 0.000061 0.012315 0.000067
158.000000 0.000115 0.000014 0.000131 0.000015 0.012274 0.000064 0.012304 0.000072
159.000000 0.000115 0.000014 0.000131 0.000015 0.012263 0.000066 0.012293 0.000074
160.000000 0.000117 0.000017 0.000133 0.000017 0.012247 0.000034 0.012279 0.000040
161.000000 0.000115 0.000013 0.000131 0.000013 0.012240 0.000042 0.012274 0.000047
162.000000 0.000114 0.000014 0.000130 0.000015 0.012233 0.000035 0.012267 0.000043
163.000000 0.000121 0.000029 0.000137 0.000028 0.012225 0.000034 0.012260 0.000040
164.000000 0.000126 0.000039 0.000142 0.000040 0.012217 0.000031 0.012254 0.000036
165.000000 0.000123 0.000039 0.000139 0.000037 0.012207 0.000025 0.012245 0.000028
166.000000 0.000110 0.000010 0.000126 0.000011 0.012205 0.000027 0.012245 0.000034
167.000000 0.000111 0.000011 0.000127 0.000012 0.012192 0.000026 0.012234 0.000028
168.000000 0.000118 0.000027 0.000134 0.000026 0.012190 0.000021 0.012232 0.000027
169.000000 0.000111 0.000015 0.000128 0.000016 0.012183 0.000026 0.012227 0.000030
170.000000 0.000107 0.000013 0.000123 0.000013 0.012177 0.000024 0.012223 0.000029
171.000000 0.000112 0.000015 0.000127 0.000015 0.012178 0.000032 0.012225 0.000038
172.000000 0.000111 0.000015 0.000128 0.000016 0.012177 0.000043 0.012226 0.000050
173.000000 0.000108 0.000015 0.000124 0.000016 0.012169 0.000051 0.012219 0.000057
174.000000 0.000110 0.000017 0.000125 0.000017 0.012158 0.000031 0.012209 0.000036
175.000000 0.000112 0.000016 0.000128 0.000017 0.012146 0.000023 0.012200 0.000026
176.000000 0.000110 0.000016 0.000126 0.000016 0.012138 0.000027 0.012193 0.000027
177.000000 0.000111 0.000017 0.000127 0.000016 0.012141 0.000032 0.012198 0.000037
178.000000 0.000114 0.000022 0.000130 0.000022 0.012135 0.000030 0.012195 0.000033
179.000000 0.000117 0.000038 0.000132 0.000037 0.012121 0.000026 0.012181 0.000022
180.000000 0.000112 0.000029 0.000128 0.000029 0.012122 0.000029 0.012185 0.000020
181.000000 0.000108 0.000013 0.000123 0.000013 0.012129 0.000043 0.012192 0.000031
182.000000 0.000102 0.000010 0.000117 0.000011 0.012132 0.000078 0.012199 0.000067
183.000000 0.000102 0.000011 0.000118 0.000011 0.012123 0.000075 0.012191 0.000056
184.000000 0.000107 0.000015 0.000123 0.000015 0.012122 0.000067 0.012193 0.000053
185.000000 0.000105 0.000012 0.000120 0.000012 0.012112 0.000049 0.012183 0.000033
186.000000 0.000099 0.000008 0.000114 0.000010 0.012109 0.000046 0.012182 0.000031
187.000000 0.000097 0.000010 0.000113 0.000011 0.012105 0.000043 0.012181 0.000027
188.000000 0.000100 0.000006 0.000115 0.000007 0.012107 0.000052 0.012185 0.000040
189.000000 0.000100 0.000010 0.000116 0.000010 0.012138 0.000106 0.012217 0.000098
190.000000 0.000097 0.000009 0.000113 0.000009 0.012157 0.000144 0.012241 0.000145
191.000000 0.000096 0.000011 0.000112 0.000012 0.012133 0.000118 0.012211 0.000107
192.000000 0.000097 0.000008 0.000112 0.000009 0.012101 0.000058 0.012187 0.000047
193.000000 0.000097 0.000007 0.000113 0.000008 0.012117 0.000090 0.012203 0.000085
194.000000 0.000097 0.000008 0.000112 0.000009 0.012112 0.000099 0.012197 0.000090
195.000000 0.000097 0.000014 0.000112 0.000014 0.012072 0.000043 0.012162 0.000029
196.000000 0.000100 0.000019 0.000115 0.000020 0.012074 0.000062 0.012165 0.000060
197.000000 0.000106 0.000035 0.000121 0.000035 0.012073 0.000063 0.012164 0.000055
198.000000 0.000106 0.000040 0.000122 0.000040 0.012060 0.000046 0.012154 0.000035
199.000000 0.000106 0.000044 0.000121 0.000044 0.012044 0.000036 0.012141 0.000032
