# epochs mean_loss std_loss mean_test_loss std_test_loss mean_loss_grad std_loss_grad mean_test_loss_grad std_test_loss_grad
0.000000 0.022772 0.002223 0.022968 0.002267 0.017883 0.000087 0.018052 0.000087
1.000000 0.015313 0.000940 0.015486 0.000965 0.016263 0.000209 0.016423 0.000211
2.000000 0.012843 0.000517 0.013002 0.000518 0.014843 0.000198 0.014991 0.000193
3.000000 0.011730 0.000800 0.011877 0.000792 0.014643 0.000310 0.014787 0.000315
4.000000 0.009868 0.000503 0.009998 0.000505 0.013709 0.000202 0.013862 0.000204
5.000000 0.008543 0.000377 0.008647 0.000388 0.013250 0.000292 0.013407 0.000291
6.000000 0.007852 0.000431 0.007927 0.000442 0.012728 0.000336 0.012880 0.000335
7.000000 0.007416 0.000430 0.007472 0.000444 0.012081 0.000349 0.012225 0.000347
8.000000 0.006960 0.000343 0.007012 0.000355 0.011531 0.000371 0.011669 0.000367
9.000000 0.006382 0.000224 0.006439 0.000235 0.011173 0.000218 0.011309 0.000215
10.000000 0.005877 0.000146 0.005941 0.000162 0.010923 0.000161 0.011061 0.000164
11.000000 0.005563 0.000167 0.005635 0.000177 0.010636 0.000211 0.010769 0.000216
12.000000 0.005334 0.000225 0.005409 0.000232 0.010432 0.000150 0.010555 0.000141
13.000000 0.005055 0.000264 0.005129 0.000271 0.010224 0.000175 0.010340 0.000161
14.000000 0.004718 0.000276 0.004786 0.000283 0.010029 0.000155 0.010144 0.000141
15.000000 0.004375 0.000252 0.004438 0.000262 0.009867 0.000110 0.009986 0.000110
16.000000 0.004065 0.000213 0.004125 0.000224 0.009773 0.000081 0.009894 0.000088
17.000000 0.003808 0.000195 0.003869 0.000202 0.009691 0.000060 0.009812 0.000072
18.000000 0.003606 0.000199 0.003669 0.000199 0.009598 0.000065 0.009716 0.000078
19.000000 0.003414 0.000199 0.003481 0.000199 0.009525 0.000079 0.009638 0.000091
20.000000 0.003212 0.000184 0.003281 0.000190 0.009447 0.000084 0.009556 0.000093
21.000000 0.003037 0.000171 0.003109 0.000178 0.009361 0.000088 0.009467 0.000096
22.000000 0.002899 0.000155 0.002973 0.000158 0.009289 0.000080 0.009392 0.000093
23.000000 0.002785 0.000152 0.002862 0.000147 0.009210 0.000071 0.009312 0.000085
24.000000 0.002686 0.000154 0.002766 0.000144 0.009127 0.000076 0.009228 0.000088
25.000000 0.002596 0.000126 0.002679 0.000118 0.009061 0.000080 0.009159 0.000089
26.000000 0.002511 0.000111 0.002601 0.000103 0.008999 0.000082 0.009095 0.000089
27.000000 0.002438 0.000101 0.002535 0.000087 0.008942 0.000076 0.009037 0.000080
28.000000 0.002352 0.000098 0.002446 0.000083 0.008885 0.000067 0.008982 0.000069
29.000000 0.002256 0.000116 0.002345 0.000106 0.008833 0.000065 0.008930 0.000065
30.000000 0.002163 0.000118 0.002250 0.000114 0.008789 0.000058 0.008885 0.000054
31.000000 0.002079 0.000115 0.002164 0.000112 0.008749 0.000049 0.008846 0.000046
32.000000 0.001997 0.000114 0.002078 0.000111 0.008715 0.000043 0.008812 0.000043
33.000000 0.001914 0.000116 0.001989 0.000112 0.008680 0.000041 0.008773 0.000042
34.000000 0.001829 0.000122 0.001901 0.000117 0.008654 0.000042 0.008746 0.000041
35.000000 0.001750 0.000123 0.001821 0.000121 0.008629 0.000040 0.008722 0.000041
36.000000 0.001682 0.000120 0.001750 0.000119 0.008599 0.000038 0.008690 0.000039
37.000000 0.001619 0.000118 0.001683 0.000117 0.008574 0.000036 0.008664 0.000039
38.000000 0.001556 0.000118 0.001616 0.000117 0.008554 0.000039 0.008643 0.000042
39.000000 0.001491 0.000119 0.001550 0.000119 0.008535 0.000037 0.008623 0.000039
40.000000 0.001424 0.000118 0.001482 0.000118 0.008514 0.000036 0.008603 0.000038
41.000000 0.001356 0.000117 0.001413 0.000117 0.008494 0.000038 0.008584 0.000041
42.000000 0.001286 0.000120 0.001341 0.000120 0.008475 0.000040 0.008567 0.000042
43.000000 0.001215 0.000124 0.001268 0.000125 0.008457 0.000038 0.008550 0.000040
44.000000 0.001145 0.000126 0.001199 0.000128 0.008440 0.000038 0.008533 0.000042
45.000000 0.001079 0.000127 0.001132 0.000129 0.008423 0.000039 0.008516 0.000043
46.000000 0.001014 0.000127 0.001065 0.000131 0.008406 0.000039 0.008499 0.000044
47.000000 0.000951 0.000125 0.001001 0.000130 0.008391 0.000038 0.008486 0.000044
48.000000 0.000889 0.000122 0.000938 0.000127 0.008379 0.000037 0.008474 0.000042
49.000000 0.000829 0.000116 0.000876 0.000123 0.008366 0.000034 0.008461 0.000039
50.000000 0.000769 0.000111 0.000814 0.000119 0.008354 0.000034 0.008449 0.000038
51.000000 0.000712 0.000104 0.000754 0.000112 0.008342 0.000032 0.008439 0.000037
52.000000 0.000660 0.000097 0.000699 0.000106 0.008330 0.000029 0.008428 0.000035
53.000000 0.000614 0.000090 0.000650 0.000098 0.008321 0.000029 0.008419 0.000034
54.000000 0.000573 0.000081 0.000606 0.000089 0.008311 0.000028 0.008410 0.000033
55.000000 0.000537 0.000072 0.000567 0.000078 0.008302 0.000026 0.008401 0.000031
56.000000 0.000506 0.000061 0.000533 0.000067 0.008293 0.000025 0.008392 0.000030
57.000000 0.000481 0.000052 0.000506 0.000056 0.008284 0.000024 0.008382 0.000029
58.000000 0.000460 0.000045 0.000483 0.000048 0.008276 0.000022 0.008374 0.000028
59.000000 0.000443 0.000040 0.000464 0.000043 0.008268 0.000021 0.008366 0.000026
60.000000 0.000428 0.000035 0.000448 0.000038 0.008261 0.000020 0.008360 0.000025
61.000000 0.000415 0.000032 0.000434 0.000034 0.008254 0.000019 0.008354 0.000024
62.000000 0.000403 0.000030 0.000421 0.000032 0.008247 0.000018 0.008347 0.000022
63.000000 0.000392 0.000029 0.000409 0.000029 0.008240 0.000017 0.008341 0.000021
64.000000 0.000381 0.000030 0.000398 0.000030 0.008233 0.000016 0.008336 0.000020
65.000000 0.000373 0.000034 0.000389 0.000033 0.008227 0.000015 0.008331 0.000018
66.000000 0.000361 0.000041 0.000378 0.000042 0.008221 0.000014 0.008325 0.000016
67.000000 0.000355 0.000066 0.000370 0.000064 0.008215 0.000014 0.008319 0.000016
68.000000 0.000342 0.000057 0.000358 0.000060 0.008209 0.000014 0.008314 0.000015
69.000000 0.000325 0.000035 0.000340 0.000035 0.008204 0.000014 0.008310 0.000015
70.000000 0.000311 0.000027 0.000327 0.000027 0.008198 0.000013 0.008305 0.000014
71.000000 0.000308 0.000044 0.000325 0.000047 0.008193 0.000013 0.008301 0.000013
72.000000 0.000299 0.000039 0.000315 0.000039 0.008188 0.000013 0.008297 0.000013
73.000000 0.000286 0.000026 0.000303 0.000028 0.008183 0.000013 0.008293 0.000013
74.000000 0.000285 0.000043 0.000302 0.000046 0.008178 0.000013 0.008289 0.000013
75.000000 0.000276 0.000034 0.000292 0.000034 0.008173 0.000014 0.008285 0.000013
76.000000 0.000267 0.000029 0.000283 0.000030 0.008168 0.000014 0.008281 0.000013
77.000000 0.000264 0.000040 0.000281 0.000042 0.008163 0.000014 0.008277 0.000012
78.000000 0.000254 0.000027 0.000270 0.000028 0.008158 0.000014 0.008273 0.000013
79.000000 0.000250 0.000034 0.000266 0.000034 0.008153 0.000015 0.008269 0.000013
80.000000 0.000242 0.000030 0.000259 0.000032 0.008149 0.000015 0.008266 0.000014
81.000000 0.000237 0.000029 0.000253 0.000031 0.008145 0.000016 0.008263 0.000014
82.000000 0.000233 0.000033 0.000248 0.000034 0.008142 0.000018 0.008262 0.000020
83.000000 0.000224 0.000028 0.000239 0.000029 0.008141 0.000022 0.008262 0.000023
84.000000 0.000222 0.000034 0.000237 0.000036 0.008144 0.000032 0.008265 0.000035
85.000000 0.000214 0.000031 0.000229 0.000031 0.008145 0.000051 0.008269 0.000055
86.000000 0.000209 0.000032 0.000224 0.000033 0.008136 0.000040 0.008259 0.000038
87.000000 0.000205 0.000033 0.000219 0.000035 0.008122 0.000021 0.008247 0.000018
88.000000 0.000199 0.000032 0.000213 0.000033 0.008134 0.000040 0.008261 0.000041
89.000000 0.000195 0.000034 0.000208 0.000035 0.008128 0.000037 0.008255 0.000035
90.000000 0.000189 0.000032 0.000202 0.000034 0.008107 0.000019 0.008234 0.000015
91.000000 0.000185 0.000035 0.000199 0.000036 0.008110 0.000029 0.008241 0.000028
92.000000 0.000180 0.000034 0.000193 0.000035 0.008106 0.000029 0.008237 0.000026
93.000000 0.000175 0.000034 0.000188 0.000035 0.008097 0.000022 0.008229 0.000018
94.000000 0.000172 0.000035 0.000185 0.000037 0.008093 0.000023 0.008228 0.000020
95.000000 0.000167 0.000034 0.000179 0.000035 0.008088 0.000026 0.008224 0.000020
96.000000 0.000163 0.000035 0.000175 0.000036 0.008086 0.000018 0.008224 0.000015
97.000000 0.000159 0.000034 0.000171 0.000036 0.008087 0.000011 0.008227 0.000013
98.000000 0.000155 0.000034 0.000167 0.000036 0.008095 0.000028 0.008235 0.000031
99.000000 0.000152 0.000034 0.000164 0.000036 0.008091 0.000033 0.008234 0.000036
100.000000 0.000149 0.000034 0.000162 0.000036 0.008067 0.000020 0.008212 0.000019
101.000000 0.000150 0.000040 0.000161 0.000041 0.008067 0.000015 0.008212 0.000011
102.000000 0.000148 0.000041 0.000160 0.000044 0.008069 0.000021 0.008216 0.000022
103.000000 0.000143 0.000039 0.000154 0.000040 0.008054 0.000025 0.008202 0.000019
104.000000 0.000133 0.000032 0.000145 0.000034 0.008058 0.000030 0.008208 0.000024
105.000000 0.000132 0.000032 0.000144 0.000034 0.008060 0.000046 0.008212 0.000037
106.000000 0.000135 0.000037 0.000145 0.000039 0.008045 0.000042 0.008198 0.000035
107.000000 0.000127 0.000028 0.000139 0.000030 0.008040 0.000019 0.008195 0.000014
108.000000 0.000128 0.000029 0.000139 0.000030 0.008041 0.000039 0.008198 0.000028
109.000000 0.000131 0.000030 0.000141 0.000032 0.008042 0.000049 0.008202 0.000042
110.000000 0.000126 0.000029 0.000136 0.000030 0.008028 0.000029 0.008188 0.000021
111.000000 0.000123 0.000038 0.000134 0.000039 0.008017 0.000034 0.008180 0.000024
112.000000 0.000130 0.000043 0.000140 0.000043 0.008020 0.000039 0.008186 0.000031
113.000000 0.000117 0.000033 0.000128 0.000036 0.008008 0.000031 0.008173 0.000021
114.000000 0.000119 0.000047 0.000129 0.000046 0.008001 0.000034 0.008169 0.000023
115.000000 0.000123 0.000046 0.000134 0.000047 0.008000 0.000036 0.008171 0.000027
116.000000 0.000104 0.000021 0.000114 0.000022 0.007991 0.000030 0.008162 0.000020
117.000000 0.000107 0.000033 0.000116 0.000033 0.007985 0.000035 0.008159 0.000024
118.000000 0.000112 0.000037 0.000122 0.000038 0.007983 0.000032 0.008159 0.000022
119.000000 0.000100 0.000022 0.000109 0.000023 0.007978 0.000033 0.008157 0.000028
120.000000 0.000101 0.000037 0.000110 0.000038 0.007984 0.000039 0.008163 0.000033
121.000000 0.000100 0.000023 0.000110 0.000025 0.007992 0.000053 0.008176 0.000054
122.000000 0.000103 0.000029 0.000111 0.000029 0.007979 0.000047 0.008162 0.000044
123.000000 0.000097 0.000034 0.000107 0.000036 0.007955 0.000035 0.008141 0.000027
124.000000 0.000112 0.000060 0.000122 0.000061 0.007956 0.000039 0.008143 0.000032
125.000000 0.000094 0.000024 0.000103 0.000024 0.007957 0.000047 0.008145 0.000037
126.000000 0.000084 0.000013 0.000092 0.000014 0.007948 0.000062 0.008141 0.000056
127.000000 0.000100 0.000027 0.000109 0.000028 0.007961 0.000088 0.008154 0.000079
128.000000 0.000091 0.000024 0.000099 0.000024 0.007941 0.000058 0.008137 0.000049
129.000000 0.000084 0.000015 0.000092 0.000015 0.007919 0.000043 0.008117 0.000030
130.000000 0.000081 0.000012 0.000089 0.000014 0.007933 0.000071 0.008133 0.000059
131.000000 0.000088 0.000018 0.000096 0.000018 0.007912 0.000049 0.008114 0.000036
132.000000 0.000083 0.000017 0.000091 0.000017 0.007907 0.000053 0.008112 0.000040
133.000000 0.000078 0.000012 0.000086 0.000014 0.007908 0.000063 0.008115 0.000050
134.000000 0.000072 0.000011 0.000080 0.000011 0.007887 0.000046 0.008097 0.000030
135.000000 0.000077 0.000009 0.000084 0.000010 0.007891 0.000059 0.008103 0.000045
136.000000 0.000080 0.000017 0.000088 0.000019 0.007877 0.000049 0.008092 0.000032
137.000000 0.000077 0.000023 0.000084 0.000023 0.007872 0.000053 0.008089 0.000036
138.000000 0.000079 0.000032 0.000087 0.000034 0.007869 0.000051 0.008089 0.000033
139.000000 0.000074 0.000012 0.000081 0.000013 0.007866 0.000053 0.008090 0.000038
140.000000 0.000066 0.000006 0.000072 0.000006 0.007873 0.000072 0.008098 0.000061
141.000000 0.000072 0.000021 0.000079 0.000023 0.007877 0.000084 0.008104 0.000076
142.000000 0.000069 0.000011 0.000076 0.000012 0.007860 0.000057 0.008089 0.000044
143.000000 0.000061 0.000006 0.000068 0.000006 0.007848 0.000053 0.008079 0.000034
144.000000 0.000066 0.000013 0.000073 0.000015 0.007851 0.000070 0.008087 0.000051
145.000000 0.000064 0.000008 0.000071 0.000009 0.007834 0.000052 0.008068 0.000033
146.000000 0.000058 0.000005 0.000064 0.000006 0.007827 0.000061 0.008067 0.000045
147.000000 0.000063 0.000009 0.000070 0.000010 0.007818 0.000057 0.008061 0.000034
148.000000 0.000059 0.000006 0.000066 0.000007 0.007815 0.000054 0.008057 0.000031
149.000000 0.000056 0.000006 0.000062 0.000007 0.007806 0.000057 0.008051 0.000037
150.000000 0.000060 0.000008 0.000067 0.000009 0.007806 0.000056 0.008057 0.000044
151.000000 0.000057 0.000006 0.000063 0.000006 0.007818 0.000079 0.008066 0.000070
152.000000 0.000055 0.000007 0.000061 0.000007 0.007796 0.000067 0.008049 0.000061
153.000000 0.000059 0.000009 0.000065 0.000009 0.007793 0.000058 0.008050 0.000041
154.000000 0.000055 0.000007 0.000061 0.000008 0.007791 0.000058 0.008045 0.000042
155.000000 0.000055 0.000009 0.000061 0.000009 0.007778 0.000056 0.008037 0.000036
156.000000 0.000058 0.000011 0.000064 0.000011 0.007801 0.000067 0.008060 0.000053
157.000000 0.000053 0.000009 0.000059 0.000010 0.007792 0.000077 0.008056 0.000071
158.000000 0.000054 0.000009 0.000060 0.000009 0.007771 0.000067 0.008032 0.000050
159.000000 0.000053 0.000007 0.000059 0.000007 0.007757 0.000055 0.008022 0.000036
160.000000 0.000049 0.000004 0.000055 0.000005 0.007754 0.000058 0.008023 0.000038
161.000000 0.000050 0.000005 0.000056 0.000005 0.007743 0.000058 0.008010 0.000036
162.000000 0.000049 0.000004 0.000055 0.000005 0.007733 0.000055 0.008005 0.000034
163.000000 0.000048 0.000006 0.000054 0.000006 0.007731 0.000057 0.008007 0.000038
164.000000 0.000049 0.000006 0.000055 0.000007 0.007720 0.000054 0.007994 0.000032
165.000000 0.000047 0.000006 0.000053 0.000006 0.007723 0.000046 0.008002 0.000026
166.000000 0.000046 0.000005 0.000052 0.000005 0.007740 0.000057 0.008020 0.000050
167.000000 0.000047 0.000004 0.000053 0.000004 0.007748 0.000080 0.008030 0.000083
168.000000 0.000046 0.000005 0.000052 0.000005 0.007731 0.000072 0.008009 0.000055
169.000000 0.000048 0.000008 0.000053 0.000008 0.007725 0.000104 0.008008 0.000082
170.000000 0.000049 0.000013 0.000056 0.000014 0.007709 0.000071 0.007994 0.000049
171.000000 0.000051 0.000020 0.000056 0.000019 0.007695 0.000046 0.007982 0.000033
172.000000 0.000047 0.000009 0.000053 0.000009 0.007695 0.000076 0.007983 0.000056
173.000000 0.000043 0.000004 0.000049 0.000004 0.007682 0.000054 0.007974 0.000041
174.000000 0.000044 0.000005 0.000049 0.000005 0.007673 0.000052 0.007966 0.000034
175.000000 0.000045 0.000008 0.000051 0.000009 0.007666 0.000064 0.007960 0.000041
176.000000 0.000044 0.000007 0.000049 0.000007 0.007656 0.000048 0.007952 0.000028
177.000000 0.000041 0.000004 0.000047 0.000004 0.007655 0.000059 0.007956 0.000039
178.000000 0.000043 0.000005 0.000048 0.000005 0.007645 0.000050 0.007947 0.000032
179.000000 0.000043 0.000008 0.000049 0.000008 0.007640 0.000053 0.007944 0.000032
180.000000 0.000041 0.000004 0.000047 0.000004 0.007637 0.000054 0.007944 0.000033
181.000000 0.000040 0.000004 0.000046 0.000004 0.007638 0.000059 0.007949 0.000042
182.000000 0.000041 0.000006 0.000047 0.000005 0.007641 0.000084 0.007949 0.000063
183.000000 0.000040 0.000004 0.000046 0.000004 0.007629 0.000063 0.007945 0.000050
184.000000 0.000039 0.000004 0.000045 0.000004 0.007616 0.000055 0.007931 0.000036
185.000000 0.000040 0.000005 0.000045 0.000005 0.007622 0.000070 0.007937 0.000053
186.000000 0.000041 0.000007 0.000047 0.000008 0.007619 0.000080 0.007939 0.000063
187.000000 0.000043 0.000015 0.000048 0.000015 0.007607 0.000066 0.007928 0.000050
188.000000 0.000045 0.000023 0.000051 0.000024 0.007596 0.000056 0.007915 0.000032
189.000000 0.000052 0.000041 0.000057 0.000041 0.007595 0.000066 0.007920 0.000051
190.000000 0.000045 0.000023 0.000051 0.000024 0.007596 0.000075 0.007922 0.000056
191.000000 0.000039 0.000007 0.000044 0.000007 0.007575 0.000049 0.007902 0.000029
192.000000 0.000038 0.000004 0.000043 0.000004 0.007579 0.000062 0.007910 0.000048
193.000000 0.000041 0.000013 0.000047 0.000014 0.007574 0.000057 0.007905 0.000038
194.000000 0.000043 0.000020 0.000048 0.000020 0.007562 0.000048 0.007896 0.000031
195.000000 0.000038 0.000006 0.000043 0.000007 0.007566 0.000062 0.007900 0.000048
196.000000 0.000038 0.000006 0.000043 0.000006 0.007552 0.000043 0.007889 0.000028
197.000000 0.000041 0.000014 0.000046 0.000014 0.007554 0.000054 0.007894 0.000039
198.000000 0.000039 0.000010 0.000044 0.000011 0.007544 0.000047 0.007885 0.000029
199.000000 0.000037 0.000007 0.000042 0.000007 0.007544 0.000055 0.007887 0.000037
