# epochs mean_loss std_loss mean_test_loss std_test_loss mean_loss_grad std_loss_grad mean_test_loss_grad std_test_loss_grad
0.000000 0.180850 0.021939 0.181247 0.022047 0.180854 0.001563 0.181291 0.001568
1.000000 0.139661 0.015960 0.139837 0.016096 0.159919 0.003170 0.160226 0.003161
2.000000 0.106814 0.010048 0.106682 0.010216 0.132785 0.004042 0.132868 0.004056
3.000000 0.091850 0.005729 0.091338 0.005760 0.110567 0.006186 0.110232 0.006249
4.000000 0.086388 0.010919 0.085754 0.010881 0.120960 0.004630 0.120183 0.004516
5.000000 0.071089 0.009762 0.070606 0.009658 0.105267 0.003489 0.104653 0.003370
6.000000 0.058590 0.004230 0.058329 0.004062 0.093823 0.002537 0.093465 0.002555
7.000000 0.053774 0.003155 0.053695 0.003022 0.094810 0.002396 0.094647 0.002369
8.000000 0.052903 0.004298 0.052949 0.004114 0.096053 0.002767 0.095985 0.002691
9.000000 0.050436 0.005209 0.050573 0.005176 0.092037 0.003179 0.091970 0.003127
10.000000 0.045736 0.004835 0.045896 0.004910 0.084922 0.003289 0.084804 0.003271
11.000000 0.041397 0.004304 0.041535 0.004354 0.080254 0.002686 0.080099 0.002664
12.000000 0.038301 0.003737 0.038403 0.003766 0.080859 0.002088 0.080717 0.002057
13.000000 0.035727 0.003350 0.035791 0.003377 0.081180 0.002310 0.081047 0.002258
14.000000 0.033468 0.003694 0.033517 0.003700 0.078202 0.002553 0.078049 0.002492
15.000000 0.031321 0.004049 0.031386 0.004034 0.075964 0.001955 0.075799 0.001893
16.000000 0.029027 0.003851 0.029133 0.003812 0.076101 0.001526 0.075948 0.001465
17.000000 0.026656 0.003585 0.026816 0.003532 0.076625 0.001484 0.076497 0.001431
18.000000 0.024460 0.003618 0.024673 0.003589 0.075929 0.001749 0.075830 0.001701
19.000000 0.022727 0.003574 0.022986 0.003602 0.074244 0.001706 0.074181 0.001647
20.000000 0.021223 0.003161 0.021510 0.003242 0.072814 0.001283 0.072797 0.001212
21.000000 0.019640 0.002901 0.019927 0.003011 0.072347 0.001100 0.072380 0.001055
22.000000 0.018095 0.002797 0.018358 0.002898 0.072190 0.001361 0.072251 0.001318
23.000000 0.016555 0.002702 0.016777 0.002784 0.071512 0.001730 0.071570 0.001690
24.000000 0.015390 0.002473 0.015573 0.002536 0.070556 0.001609 0.070596 0.001579
25.000000 0.014536 0.002137 0.014692 0.002181 0.069959 0.001415 0.069986 0.001384
26.000000 0.013561 0.001974 0.013702 0.002008 0.069698 0.001453 0.069726 0.001406
27.000000 0.012567 0.001996 0.012700 0.002023 0.069331 0.001564 0.069375 0.001499
28.000000 0.011654 0.001876 0.011783 0.001902 0.068679 0.001559 0.068750 0.001480
29.000000 0.010705 0.001747 0.010834 0.001781 0.067934 0.001475 0.068039 0.001380
30.000000 0.010011 0.001806 0.010148 0.001859 0.067341 0.001458 0.067486 0.001349
31.000000 0.009410 0.001879 0.009548 0.001941 0.066912 0.001495 0.067093 0.001379
32.000000 0.008698 0.001722 0.008830 0.001777 0.066445 0.001488 0.066660 0.001365
33.000000 0.007957 0.001492 0.008087 0.001535 0.065856 0.001371 0.066108 0.001238
34.000000 0.007303 0.001395 0.007431 0.001425 0.065263 0.001272 0.065561 0.001132
35.000000 0.006834 0.001325 0.006959 0.001342 0.064795 0.001275 0.065147 0.001133
36.000000 0.006425 0.001298 0.006541 0.001305 0.064432 0.001281 0.064844 0.001144
37.000000 0.005966 0.001151 0.006066 0.001157 0.064010 0.001222 0.064483 0.001096
38.000000 0.005517 0.001043 0.005606 0.001051 0.063507 0.001146 0.064040 0.001035
39.000000 0.005111 0.000950 0.005192 0.000960 0.063119 0.001062 0.063709 0.000963
40.000000 0.004688 0.000919 0.004767 0.000936 0.062838 0.001006 0.063475 0.000911
41.000000 0.004348 0.000923 0.004428 0.000942 0.062487 0.000969 0.063154 0.000871
42.000000 0.004014 0.000857 0.004093 0.000877 0.062120 0.000950 0.062802 0.000851
43.000000 0.003728 0.000764 0.003807 0.000782 0.061830 0.000947 0.062521 0.000855
44.000000 0.003459 0.000675 0.003532 0.000691 0.061556 0.000933 0.062253 0.000844
45.000000 0.003224 0.000606 0.003288 0.000618 0.061254 0.000926 0.061955 0.000841
46.000000 0.003020 0.000593 0.003076 0.000602 0.060961 0.000944 0.061660 0.000881
47.000000 0.002807 0.000561 0.002862 0.000569 0.060702 0.000941 0.061400 0.000894
48.000000 0.002613 0.000502 0.002671 0.000513 0.060482 0.000926 0.061188 0.000895
49.000000 0.002457 0.000443 0.002517 0.000460 0.060248 0.000915 0.060977 0.000884
50.000000 0.002326 0.000411 0.002387 0.000431 0.059979 0.000867 0.060733 0.000824
51.000000 0.002168 0.000392 0.002230 0.000413 0.059751 0.000820 0.060526 0.000770
52.000000 0.002037 0.000377 0.002098 0.000394 0.059520 0.000782 0.060312 0.000731
53.000000 0.001926 0.000357 0.001981 0.000369 0.059285 0.000713 0.060100 0.000661
54.000000 0.001833 0.000331 0.001881 0.000340 0.059092 0.000677 0.059929 0.000621
55.000000 0.001727 0.000305 0.001770 0.000313 0.058901 0.000652 0.059753 0.000589
56.000000 0.001626 0.000277 0.001667 0.000286 0.058705 0.000630 0.059563 0.000566
57.000000 0.001538 0.000258 0.001574 0.000267 0.058512 0.000619 0.059376 0.000560
58.000000 0.001459 0.000244 0.001492 0.000252 0.058330 0.000606 0.059210 0.000563
59.000000 0.001385 0.000231 0.001416 0.000237 0.058167 0.000577 0.059070 0.000550
60.000000 0.001311 0.000218 0.001343 0.000222 0.058004 0.000548 0.058926 0.000539
61.000000 0.001253 0.000201 0.001285 0.000205 0.057864 0.000539 0.058810 0.000542
62.000000 0.001200 0.000198 0.001231 0.000200 0.057699 0.000508 0.058680 0.000512
63.000000 0.001152 0.000190 0.001182 0.000192 0.057558 0.000480 0.058573 0.000481
64.000000 0.001100 0.000180 0.001129 0.000182 0.057415 0.000462 0.058452 0.000459
65.000000 0.001054 0.000166 0.001081 0.000169 0.057285 0.000441 0.058341 0.000439
66.000000 0.001008 0.000158 0.001033 0.000160 0.057162 0.000431 0.058241 0.000436
67.000000 0.000966 0.000153 0.000989 0.000155 0.057039 0.000424 0.058130 0.000440
68.000000 0.000928 0.000144 0.000949 0.000147 0.056913 0.000417 0.058007 0.000454
69.000000 0.000893 0.000137 0.000912 0.000141 0.056805 0.000407 0.057896 0.000465
70.000000 0.000861 0.000130 0.000880 0.000134 0.056688 0.000395 0.057781 0.000456
71.000000 0.000831 0.000128 0.000850 0.000132 0.056576 0.000387 0.057681 0.000452
72.000000 0.000800 0.000123 0.000819 0.000126 0.056474 0.000374 0.057588 0.000440
73.000000 0.000770 0.000119 0.000789 0.000123 0.056373 0.000364 0.057488 0.000418
74.000000 0.000744 0.000113 0.000763 0.000118 0.056276 0.000355 0.057398 0.000399
75.000000 0.000720 0.000106 0.000739 0.000111 0.056182 0.000345 0.057309 0.000386
76.000000 0.000697 0.000101 0.000715 0.000106 0.056089 0.000335 0.057217 0.000380
77.000000 0.000676 0.000098 0.000692 0.000102 0.055998 0.000328 0.057137 0.000385
78.000000 0.000656 0.000094 0.000671 0.000099 0.055907 0.000321 0.057062 0.000388
79.000000 0.000637 0.000091 0.000651 0.000096 0.055818 0.000316 0.056982 0.000381
80.000000 0.000617 0.000089 0.000631 0.000092 0.055731 0.000316 0.056908 0.000377
81.000000 0.000599 0.000086 0.000612 0.000089 0.055647 0.000314 0.056838 0.000373
82.000000 0.000582 0.000082 0.000593 0.000085 0.055563 0.000311 0.056755 0.000366
83.000000 0.000566 0.000079 0.000577 0.000081 0.055482 0.000309 0.056675 0.000364
84.000000 0.000551 0.000076 0.000562 0.000078 0.055405 0.000306 0.056605 0.000364
85.000000 0.000537 0.000073 0.000547 0.000074 0.055330 0.000302 0.056533 0.000357
86.000000 0.000523 0.000070 0.000532 0.000071 0.055257 0.000299 0.056462 0.000345
87.000000 0.000509 0.000068 0.000517 0.000068 0.055186 0.000296 0.056400 0.000339
88.000000 0.000496 0.000066 0.000504 0.000066 0.055117 0.000293 0.056331 0.000340
89.000000 0.000484 0.000063 0.000492 0.000064 0.055050 0.000289 0.056262 0.000337
90.000000 0.000473 0.000061 0.000481 0.000062 0.054987 0.000286 0.056204 0.000335
91.000000 0.000461 0.000060 0.000470 0.000061 0.054926 0.000280 0.056146 0.000323
92.000000 0.000451 0.000058 0.000460 0.000060 0.054868 0.000272 0.056086 0.000315
93.000000 0.000441 0.000056 0.000449 0.000057 0.054816 0.000261 0.056041 0.000307
94.000000 0.000430 0.000054 0.000439 0.000055 0.054771 0.000247 0.055994 0.000296
95.000000 0.000421 0.000053 0.000429 0.000054 0.054721 0.000241 0.055949 0.000280
96.000000 0.000412 0.000051 0.000420 0.000052 0.054654 0.000252 0.055880 0.000294
97.000000 0.000403 0.000049 0.000411 0.000050 0.054599 0.000254 0.055825 0.000297
98.000000 0.000395 0.000048 0.000403 0.000049 0.054559 0.000237 0.055796 0.000271
99.000000 0.000387 0.000046 0.000395 0.000047 0.054510 0.000234 0.055745 0.000269
100.000000 0.000379 0.000045 0.000387 0.000046 0.054455 0.000239 0.055690 0.000272
101.000000 0.000372 0.000044 0.000380 0.000045 0.054412 0.000231 0.055659 0.000256
102.000000 0.000365 0.000042 0.000373 0.000044 0.054367 0.000227 0.055607 0.000262
103.000000 0.000357 0.000041 0.000366 0.000042 0.054316 0.000232 0.055561 0.000260
104.000000 0.000351 0.000040 0.000359 0.000041 0.054274 0.000227 0.055520 0.000244
105.000000 0.000345 0.000038 0.000353 0.000039 0.054237 0.000220 0.055476 0.000249
106.000000 0.000339 0.000035 0.000347 0.000036 0.054197 0.000224 0.055454 0.000235
107.000000 0.000336 0.000029 0.000345 0.000029 0.054163 0.000240 0.055416 0.000261
108.000000 0.000339 0.000030 0.000346 0.000027 0.054142 0.000264 0.055395 0.000267
109.000000 0.000354 0.000084 0.000363 0.000082 0.054100 0.000261 0.055362 0.000277
110.000000 0.000374 0.000157 0.000381 0.000152 0.054033 0.000229 0.055297 0.000235
111.000000 0.000390 0.000222 0.000399 0.000222 0.053996 0.000224 0.055259 0.000240
112.000000 0.000327 0.000054 0.000335 0.000051 0.053990 0.000243 0.055267 0.000247
113.000000 0.000301 0.000027 0.000309 0.000027 0.053967 0.000233 0.055231 0.000255
114.000000 0.000330 0.000091 0.000338 0.000089 0.053934 0.000200 0.055228 0.000236
115.000000 0.000315 0.000062 0.000322 0.000059 0.053923 0.000199 0.055185 0.000205
116.000000 0.000285 0.000027 0.000293 0.000028 0.053895 0.000254 0.055198 0.000297
117.000000 0.000294 0.000032 0.000302 0.000030 0.053856 0.000267 0.055143 0.000238
118.000000 0.000294 0.000043 0.000301 0.000040 0.053805 0.000184 0.055089 0.000230
119.000000 0.000273 0.000023 0.000281 0.000024 0.053752 0.000186 0.055080 0.000176
120.000000 0.000273 0.000020 0.000281 0.000019 0.053735 0.000228 0.055010 0.000223
121.000000 0.000276 0.000030 0.000284 0.000028 0.053741 0.000241 0.055080 0.000262
122.000000 0.000262 0.000022 0.000270 0.000022 0.053736 0.000308 0.055020 0.000236
123.000000 0.000260 0.000024 0.000267 0.000024 0.053673 0.000238 0.055009 0.000251
124.000000 0.000267 0.000034 0.000275 0.000034 0.053594 0.000197 0.054912 0.000207
125.000000 0.000266 0.000057 0.000273 0.000057 0.053584 0.000228 0.054894 0.000208
126.000000 0.000279 0.000113 0.000287 0.000116 0.053547 0.000241 0.054903 0.000246
127.000000 0.000292 0.000142 0.000298 0.000140 0.053482 0.000215 0.054807 0.000219
128.000000 0.000282 0.000135 0.000290 0.000138 0.053476 0.000220 0.054819 0.000215
129.000000 0.000242 0.000038 0.000249 0.000038 0.053440 0.000213 0.054794 0.000209
130.000000 0.000238 0.000022 0.000245 0.000021 0.053399 0.000216 0.054745 0.000223
131.000000 0.000254 0.000082 0.000262 0.000084 0.053384 0.000229 0.054747 0.000221
132.000000 0.000242 0.000065 0.000249 0.000065 0.053334 0.000223 0.054689 0.000226
133.000000 0.000225 0.000017 0.000233 0.000017 0.053313 0.000221 0.054678 0.000228
134.000000 0.000227 0.000029 0.000234 0.000030 0.053305 0.000237 0.054691 0.000253
135.000000 0.000231 0.000055 0.000238 0.000055 0.053294 0.000284 0.054627 0.000267
136.000000 0.000224 0.000029 0.000231 0.000030 0.053314 0.000317 0.054742 0.000359
137.000000 0.000224 0.000037 0.000232 0.000040 0.053297 0.000275 0.054625 0.000233
138.000000 0.000244 0.000091 0.000250 0.000090 0.053233 0.000217 0.054641 0.000230
139.000000 0.000283 0.000206 0.000292 0.000212 0.053194 0.000251 0.054585 0.000299
140.000000 0.000281 0.000234 0.000287 0.000230 0.053160 0.000284 0.054528 0.000270
141.000000 0.000268 0.000196 0.000276 0.000201 0.053143 0.000203 0.054564 0.000212
142.000000 0.000209 0.000036 0.000216 0.000038 0.053130 0.000234 0.054527 0.000273
143.000000 0.000221 0.000075 0.000227 0.000073 0.053092 0.000272 0.054499 0.000253
144.000000 0.000257 0.000193 0.000265 0.000197 0.053078 0.000209 0.054481 0.000216
145.000000 0.000206 0.000042 0.000212 0.000042 0.053077 0.000250 0.054507 0.000276
146.000000 0.000205 0.000046 0.000211 0.000045 0.053046 0.000287 0.054448 0.000283
147.000000 0.000234 0.000139 0.000241 0.000143 0.053045 0.000262 0.054471 0.000257
148.000000 0.000199 0.000030 0.000206 0.000030 0.053035 0.000272 0.054473 0.000306
149.000000 0.000223 0.000065 0.000230 0.000065 0.052965 0.000241 0.054387 0.000243
150.000000 0.000274 0.000148 0.000282 0.000151 0.052940 0.000202 0.054376 0.000209
151.000000 0.000303 0.000249 0.000310 0.000249 0.052940 0.000233 0.054394 0.000266
152.000000 0.000355 0.000336 0.000362 0.000341 0.052908 0.000243 0.054341 0.000265
153.000000 0.000267 0.000169 0.000274 0.000168 0.052888 0.000228 0.054341 0.000216
154.000000 0.000176 0.000017 0.000183 0.000018 0.052855 0.000225 0.054312 0.000265
155.000000 0.000246 0.000119 0.000252 0.000118 0.052824 0.000214 0.054276 0.000232
156.000000 0.000255 0.000146 0.000262 0.000145 0.052826 0.000226 0.054288 0.000224
157.000000 0.000187 0.000043 0.000194 0.000045 0.052806 0.000229 0.054284 0.000256
158.000000 0.000215 0.000083 0.000220 0.000081 0.052776 0.000207 0.054234 0.000238
159.000000 0.000242 0.000118 0.000249 0.000118 0.052773 0.000203 0.054259 0.000191
160.000000 0.000226 0.000117 0.000232 0.000116 0.052769 0.000205 0.054238 0.000249
161.000000 0.000257 0.000217 0.000263 0.000220 0.052772 0.000200 0.054269 0.000235
162.000000 0.000257 0.000174 0.000263 0.000171 0.052780 0.000208 0.054251 0.000210
163.000000 0.000199 0.000067 0.000207 0.000070 0.052774 0.000219 0.054284 0.000268
164.000000 0.000169 0.000035 0.000175 0.000034 0.052758 0.000229 0.054242 0.000278
165.000000 0.000224 0.000110 0.000229 0.000108 0.052776 0.000283 0.054273 0.000267
166.000000 0.000205 0.000104 0.000212 0.000106 0.052822 0.000371 0.054344 0.000452
167.000000 0.000161 0.000037 0.000167 0.000035 0.052801 0.000321 0.054284 0.000309
168.000000 0.000201 0.000075 0.000206 0.000073 0.052684 0.000197 0.054207 0.000232
169.000000 0.000188 0.000095 0.000195 0.000097 0.052637 0.000211 0.054160 0.000244
170.000000 0.000161 0.000038 0.000167 0.000036 0.052674 0.000282 0.054180 0.000284
171.000000 0.000184 0.000057 0.000189 0.000056 0.052647 0.000215 0.054193 0.000259
172.000000 0.000174 0.000077 0.000181 0.000078 0.052600 0.000176 0.054129 0.000202
173.000000 0.000165 0.000038 0.000170 0.000036 0.052603 0.000228 0.054124 0.000227
174.000000 0.000187 0.000064 0.000193 0.000065 0.052579 0.000217 0.054134 0.000258
175.000000 0.000204 0.000137 0.000209 0.000133 0.052558 0.000176 0.054095 0.000194
176.000000 0.000248 0.000286 0.000256 0.000290 0.052576 0.000197 0.054116 0.000191
177.000000 0.000246 0.000266 0.000250 0.000259 0.052555 0.000194 0.054113 0.000219
178.000000 0.000199 0.000145 0.000207 0.000148 0.052548 0.000172 0.054103 0.000201
179.000000 0.000144 0.000024 0.000150 0.000023 0.052592 0.000176 0.054154 0.000197
180.000000 0.000190 0.000125 0.000193 0.000120 0.052621 0.000243 0.054171 0.000270
181.000000 0.000207 0.000184 0.000214 0.000186 0.052635 0.000305 0.054231 0.000371
182.000000 0.000145 0.000021 0.000151 0.000020 0.052637 0.000316 0.054179 0.000312
183.000000 0.000187 0.000102 0.000192 0.000099 0.052618 0.000397 0.054215 0.000463
184.000000 0.000218 0.000170 0.000223 0.000170 0.052582 0.000282 0.054159 0.000252
185.000000 0.000203 0.000211 0.000211 0.000215 0.052487 0.000160 0.054064 0.000170
186.000000 0.000243 0.000226 0.000245 0.000220 0.052474 0.000201 0.054071 0.000219
187.000000 0.000210 0.000163 0.000217 0.000167 0.052515 0.000212 0.054117 0.000203
188.000000 0.000130 0.000015 0.000137 0.000016 0.052453 0.000124 0.054034 0.000142
189.000000 0.000198 0.000143 0.000201 0.000139 0.052447 0.000146 0.054069 0.000146
190.000000 0.000196 0.000162 0.000203 0.000165 0.052451 0.000154 0.054048 0.000182
191.000000 0.000142 0.000034 0.000148 0.000034 0.052382 0.000152 0.053990 0.000157
192.000000 0.000178 0.000109 0.000182 0.000106 0.052396 0.000153 0.054016 0.000161
193.000000 0.000175 0.000123 0.000181 0.000125 0.052383 0.000122 0.054000 0.000144
194.000000 0.000172 0.000101 0.000179 0.000102 0.052354 0.000146 0.053969 0.000138
195.000000 0.000198 0.000159 0.000201 0.000154 0.052357 0.000150 0.053985 0.000167
196.000000 0.000233 0.000255 0.000239 0.000257 0.052321 0.000122 0.053947 0.000144
197.000000 0.000177 0.000137 0.000183 0.000133 0.052329 0.000130 0.053952 0.000116
198.000000 0.000138 0.000057 0.000143 0.000055 0.052319 0.000135 0.053969 0.000153
199.000000 0.000156 0.000077 0.000162 0.000078 0.052289 0.000131 0.053917 0.000138
