# epochs mean_loss std_loss mean_test_loss std_test_loss mean_loss_grad std_loss_grad mean_test_loss_grad std_test_loss_grad
0.000000 11.192150 0.026292 11.178629 0.026821 11.208932 0.006290 11.195322 0.006141
1.000000 8.971470 0.123812 8.967543 0.125276 10.437433 0.095668 10.448910 0.094592
2.000000 3.386098 0.241546 3.400840 0.245804 9.770527 0.176426 9.898738 0.172955
3.000000 5.801672 1.131031 5.764854 1.130637 8.616780 0.328040 8.640858 0.312935
4.000000 2.437917 1.095447 2.435585 1.104644 8.539769 0.152418 8.554211 0.147165
5.000000 1.600738 0.270441 1.584194 0.273910 8.009944 0.061470 8.052652 0.064100
6.000000 2.228644 0.235330 2.209015 0.232267 7.797179 0.063430 7.868831 0.065516
7.000000 2.283729 0.396697 2.262578 0.399058 7.754277 0.041109 7.845250 0.047448
8.000000 1.834055 0.513337 1.811323 0.518429 7.703469 0.028713 7.796473 0.028341
9.000000 1.238402 0.470382 1.217612 0.473785 7.679707 0.036423 7.755236 0.039403
10.000000 0.764499 0.270295 0.751224 0.270151 7.639825 0.025979 7.698162 0.022865
11.000000 0.556443 0.112514 0.549860 0.111922 7.635045 0.030068 7.688569 0.030170
12.000000 0.640466 0.147262 0.635064 0.147790 7.593509 0.010308 7.648006 0.008654
13.000000 0.658296 0.180374 0.654963 0.182978 7.593629 0.013088 7.654123 0.012333
14.000000 0.468949 0.150059 0.468007 0.151084 7.596388 0.020879 7.665880 0.020256
15.000000 0.365102 0.114015 0.362847 0.112641 7.566194 0.014586 7.643455 0.018211
16.000000 0.373401 0.089873 0.370191 0.088383 7.541755 0.021857 7.622175 0.024085
17.000000 0.390134 0.054141 0.388577 0.052345 7.507117 0.021934 7.588837 0.022580
18.000000 0.350831 0.104580 0.350835 0.105361 7.487728 0.027819 7.568770 0.027410
19.000000 0.285296 0.078420 0.285037 0.077940 7.467548 0.034153 7.545555 0.034083
20.000000 0.244847 0.065458 0.243079 0.062501 7.440994 0.039971 7.516487 0.043743
21.000000 0.224437 0.059718 0.221283 0.057888 7.409999 0.044863 7.484096 0.051634
22.000000 0.199211 0.035806 0.195765 0.035214 7.376276 0.059095 7.448819 0.066218
23.000000 0.180727 0.025363 0.178111 0.025659 7.336957 0.061808 7.408354 0.067450
24.000000 0.172742 0.038814 0.171422 0.038483 7.290283 0.070572 7.363167 0.072418
25.000000 0.160324 0.040448 0.160031 0.040055 7.239419 0.076856 7.317239 0.072410
26.000000 0.145649 0.035627 0.145711 0.035368 7.194295 0.076082 7.278277 0.067638
27.000000 0.132646 0.024905 0.132724 0.024096 7.153130 0.075152 7.241199 0.068360
28.000000 0.120620 0.017047 0.120928 0.016683 7.113663 0.072023 7.201245 0.067953
29.000000 0.112335 0.018053 0.112825 0.018618 7.076165 0.064316 7.162260 0.061003
30.000000 0.103807 0.023775 0.103854 0.024463 7.040109 0.059103 7.128934 0.052471
31.000000 0.092118 0.024959 0.091400 0.025687 7.007153 0.055540 7.102708 0.048488
32.000000 0.083563 0.019287 0.082440 0.019726 6.984387 0.048403 7.085272 0.046917
33.000000 0.078933 0.015081 0.077762 0.015320 6.959899 0.043575 7.064185 0.049131
34.000000 0.074361 0.009433 0.073127 0.009331 6.939004 0.043028 7.042400 0.051077
35.000000 0.068916 0.015012 0.067646 0.014528 6.925032 0.039992 7.029100 0.043730
36.000000 0.061582 0.012703 0.060504 0.012249 6.914799 0.037189 7.019303 0.035980
37.000000 0.054115 0.009946 0.053307 0.009595 6.902931 0.033528 7.010744 0.031789
38.000000 0.049854 0.007994 0.049158 0.007664 6.889820 0.026853 6.995504 0.025340
39.000000 0.047955 0.006482 0.047269 0.006336 6.882766 0.025412 6.990110 0.022748
40.000000 0.044888 0.008807 0.044243 0.008640 6.874900 0.034688 6.989512 0.039058
41.000000 0.040555 0.009026 0.039946 0.008766 6.869137 0.030019 6.983848 0.029115
42.000000 0.037152 0.005720 0.036545 0.005578 6.853621 0.015784 6.970526 0.015858
43.000000 0.035245 0.005734 0.034653 0.005722 6.855819 0.028914 6.974485 0.035764
44.000000 0.033487 0.005682 0.032910 0.005584 6.843077 0.019950 6.959256 0.019165
45.000000 0.030702 0.007009 0.030148 0.006788 6.843340 0.015562 6.962191 0.015497
46.000000 0.027796 0.006562 0.027330 0.006272 6.852385 0.045440 6.974958 0.046119
47.000000 0.025422 0.004001 0.025058 0.003792 6.851162 0.059892 6.969974 0.055510
48.000000 0.023986 0.003116 0.023675 0.003071 6.826627 0.011440 6.945071 0.009640
49.000000 0.023108 0.003679 0.022836 0.003496 6.839534 0.047193 6.960286 0.046327
50.000000 0.021568 0.004482 0.021329 0.004301 6.819658 0.010318 6.943091 0.008791
51.000000 0.019664 0.004083 0.019435 0.004007 6.824307 0.028311 6.950358 0.023991
52.000000 0.018070 0.002732 0.017857 0.002775 6.816178 0.014644 6.943640 0.011166
53.000000 0.017102 0.001744 0.016945 0.001759 6.815643 0.014238 6.943468 0.012664
54.000000 0.016268 0.002405 0.016171 0.002408 6.814352 0.019956 6.943252 0.024584
55.000000 0.015191 0.002912 0.015113 0.002929 6.812099 0.018972 6.939990 0.021016
56.000000 0.014307 0.002750 0.014235 0.002736 6.808135 0.015358 6.937684 0.015429
57.000000 0.013335 0.002093 0.013273 0.002071 6.804648 0.013162 6.935612 0.010568
58.000000 0.012506 0.001823 0.012445 0.001847 6.801923 0.009487 6.934584 0.012934
59.000000 0.012164 0.001809 0.012110 0.001813 6.808114 0.018447 6.944629 0.019095
60.000000 0.011546 0.001838 0.011486 0.001779 6.806974 0.029285 6.945951 0.029987
61.000000 0.010691 0.002166 0.010612 0.002088 6.802761 0.018452 6.940794 0.013648
62.000000 0.009900 0.001942 0.009811 0.001872 6.796878 0.012153 6.937155 0.010451
63.000000 0.009503 0.001612 0.009397 0.001566 6.795630 0.015847 6.937714 0.018374
64.000000 0.009311 0.001481 0.009188 0.001430 6.792703 0.010300 6.934582 0.008884
65.000000 0.008787 0.001536 0.008663 0.001456 6.791341 0.011514 6.934545 0.008439
66.000000 0.008200 0.001542 0.008073 0.001463 6.789284 0.012150 6.935272 0.011251
67.000000 0.007859 0.001359 0.007742 0.001307 6.786085 0.008462 6.932440 0.008622
68.000000 0.007558 0.001266 0.007466 0.001226 6.786954 0.012073 6.933096 0.007817
69.000000 0.007191 0.001198 0.007108 0.001139 6.782913 0.009478 6.932419 0.008789
70.000000 0.006815 0.001191 0.006744 0.001136 6.783018 0.009804 6.934255 0.011106
71.000000 0.006576 0.001173 0.006523 0.001128 6.780508 0.009197 6.933759 0.010589
72.000000 0.006354 0.001164 0.006307 0.001129 6.780124 0.008709 6.935847 0.009320
73.000000 0.006018 0.001088 0.005975 0.001047 6.779904 0.007807 6.938756 0.015448
74.000000 0.005793 0.001010 0.005752 0.000964 6.779423 0.008215 6.938969 0.013622
75.000000 0.005644 0.000994 0.005598 0.000942 6.780066 0.008509 6.942218 0.018541
76.000000 0.005430 0.000969 0.005381 0.000910 6.778431 0.011316 6.943049 0.021834
77.000000 0.005174 0.000944 0.005125 0.000884 6.776685 0.014130 6.939849 0.014396
78.000000 0.004958 0.000901 0.004915 0.000843 6.773247 0.007792 6.943431 0.015464
79.000000 0.004855 0.000843 0.004816 0.000800 6.771511 0.007733 6.943076 0.014169
80.000000 0.004722 0.000807 0.004681 0.000778 6.770358 0.009999 6.940933 0.014091
81.000000 0.004543 0.000808 0.004503 0.000781 6.766082 0.010961 6.940763 0.010942
82.000000 0.004413 0.000838 0.004378 0.000808 6.767211 0.009523 6.946719 0.015856
83.000000 0.004275 0.000817 0.004245 0.000792 6.768122 0.012196 6.947526 0.017826
84.000000 0.004166 0.000762 0.004140 0.000736 6.773487 0.037955 6.952521 0.037974
85.000000 0.004044 0.000700 0.004022 0.000668 6.774728 0.042742 6.962266 0.046217
86.000000 0.003914 0.000709 0.003894 0.000676 6.761685 0.012997 6.949015 0.013071
87.000000 0.003828 0.000738 0.003807 0.000710 6.768064 0.024966 6.957317 0.023654
88.000000 0.003726 0.000714 0.003703 0.000688 6.764247 0.020033 6.957611 0.021465
89.000000 0.003644 0.000652 0.003619 0.000626 6.763258 0.020226 6.962094 0.021631
90.000000 0.003535 0.000630 0.003510 0.000604 6.769571 0.031147 6.963518 0.030392
91.000000 0.003454 0.000658 0.003428 0.000630 6.785510 0.063312 6.988771 0.072998
92.000000 0.003375 0.000651 0.003350 0.000623 6.772182 0.031799 6.971851 0.035494
93.000000 0.003310 0.000619 0.003289 0.000594 6.759420 0.016478 6.963876 0.022274
94.000000 0.003222 0.000598 0.003204 0.000575 6.759722 0.031772 6.968147 0.033043
95.000000 0.003138 0.000596 0.003123 0.000574 6.755744 0.017770 6.964411 0.022788
96.000000 0.003083 0.000590 0.003068 0.000571 6.756522 0.026239 6.966406 0.023273
97.000000 0.003034 0.000578 0.003018 0.000557 6.750728 0.015928 6.967709 0.022044
98.000000 0.002959 0.000568 0.002944 0.000547 6.751780 0.023565 6.968602 0.019858
99.000000 0.002888 0.000560 0.002873 0.000539 6.745560 0.017045 6.966306 0.017174
100.000000 0.002838 0.000549 0.002824 0.000528 6.745730 0.023971 6.968716 0.016875
101.000000 0.002790 0.000536 0.002777 0.000514 6.742131 0.019421 6.972504 0.017244
102.000000 0.002728 0.000532 0.002717 0.000509 6.746032 0.022545 6.975943 0.016515
103.000000 0.002677 0.000530 0.002667 0.000508 6.744932 0.027185 6.979599 0.020629
104.000000 0.002629 0.000518 0.002620 0.000497 6.755750 0.046546 6.989677 0.035938
105.000000 0.002582 0.000505 0.002572 0.000484 6.750129 0.036133 6.992189 0.035929
106.000000 0.002531 0.000501 0.002521 0.000480 6.739852 0.024379 6.981382 0.018189
107.000000 0.002485 0.000500 0.002475 0.000479 6.736803 0.027924 6.981422 0.022845
108.000000 0.002444 0.000491 0.002434 0.000469 6.730636 0.025513 6.980619 0.022279
109.000000 0.002403 0.000481 0.002394 0.000459 6.732279 0.025672 6.983812 0.020400
110.000000 0.002361 0.000475 0.002352 0.000453 6.734227 0.027105 6.987334 0.025245
111.000000 0.002320 0.000473 0.002312 0.000452 6.724444 0.024905 6.987066 0.023806
112.000000 0.002281 0.000466 0.002273 0.000444 6.725732 0.026230 6.986859 0.023536
113.000000 0.002243 0.000457 0.002236 0.000435 6.729006 0.020966 6.994782 0.036458
114.000000 0.002207 0.000453 0.002200 0.000431 6.735306 0.033301 7.004539 0.041232
115.000000 0.002172 0.000450 0.002165 0.000429 6.748418 0.077201 7.020904 0.100346
116.000000 0.002137 0.000443 0.002131 0.000422 6.732378 0.030055 7.005699 0.039650
117.000000 0.002103 0.000436 0.002098 0.000414 6.738742 0.048136 7.013896 0.047404
118.000000 0.002071 0.000431 0.002065 0.000409 6.724371 0.027619 7.005333 0.034368
119.000000 0.002038 0.000428 0.002033 0.000407 6.730315 0.029106 7.016002 0.053282
120.000000 0.002008 0.000423 0.002003 0.000402 6.727692 0.034229 7.019685 0.045115
121.000000 0.001978 0.000418 0.001973 0.000397 6.724562 0.025537 7.012339 0.040212
122.000000 0.001948 0.000413 0.001943 0.000392 6.719043 0.026305 7.012984 0.043713
123.000000 0.001919 0.000409 0.001915 0.000388 6.716621 0.023676 7.013804 0.039370
124.000000 0.001891 0.000404 0.001888 0.000383 6.711505 0.026393 7.015815 0.036743
125.000000 0.001863 0.000400 0.001860 0.000380 6.705167 0.028958 7.008282 0.028916
126.000000 0.001837 0.000396 0.001833 0.000376 6.707138 0.025406 7.011636 0.038133
127.000000 0.001811 0.000391 0.001807 0.000372 6.703477 0.025415 7.017673 0.032796
128.000000 0.001785 0.000387 0.001782 0.000368 6.699822 0.028669 7.017167 0.030927
129.000000 0.001760 0.000383 0.001757 0.000365 6.697361 0.030520 7.018203 0.034436
130.000000 0.001735 0.000380 0.001733 0.000361 6.696725 0.031193 7.022583 0.035235
131.000000 0.001711 0.000375 0.001709 0.000357 6.697245 0.036411 7.027744 0.027994
132.000000 0.001688 0.000371 0.001686 0.000352 6.688476 0.036765 7.023368 0.032365
133.000000 0.001665 0.000368 0.001663 0.000349 6.688654 0.032911 7.029178 0.036260
134.000000 0.001642 0.000365 0.001641 0.000346 6.684554 0.028060 7.033304 0.040264
135.000000 0.001620 0.000360 0.001619 0.000342 6.684572 0.029102 7.035752 0.039955
136.000000 0.001599 0.000357 0.001597 0.000338 6.681752 0.033255 7.035141 0.036699
137.000000 0.001578 0.000353 0.001576 0.000335 6.676816 0.034036 7.041164 0.040577
138.000000 0.001557 0.000350 0.001556 0.000332 6.675339 0.030644 7.044705 0.047579
139.000000 0.001537 0.000346 0.001536 0.000329 6.676901 0.033610 7.048250 0.038135
140.000000 0.001517 0.000343 0.001516 0.000326 6.679494 0.041994 7.059592 0.048786
141.000000 0.001497 0.000340 0.001497 0.000323 6.675837 0.049390 7.064118 0.051552
142.000000 0.001478 0.000337 0.001478 0.000320 6.672518 0.041233 7.063733 0.044241
143.000000 0.001459 0.000334 0.001459 0.000317 6.677533 0.034211 7.069720 0.047762
144.000000 0.001441 0.000330 0.001441 0.000314 6.689225 0.058142 7.090602 0.048174
145.000000 0.001423 0.000327 0.001423 0.000311 6.695781 0.055410 7.086927 0.043766
146.000000 0.001405 0.000324 0.001406 0.000308 6.675922 0.044497 7.087551 0.066424
147.000000 0.001388 0.000321 0.001388 0.000305 6.670073 0.040066 7.079889 0.047922
148.000000 0.001371 0.000318 0.001371 0.000302 6.670906 0.040529 7.082603 0.047004
149.000000 0.001354 0.000315 0.001354 0.000300 6.666055 0.037338 7.095032 0.060029
150.000000 0.001337 0.000313 0.001338 0.000297 6.664571 0.023287 7.089975 0.065454
151.000000 0.001321 0.000310 0.001322 0.000294 6.661383 0.036999 7.093158 0.051098
152.000000 0.001305 0.000307 0.001307 0.000292 6.653041 0.032536 7.090147 0.056242
153.000000 0.001290 0.000304 0.001291 0.000289 6.651973 0.034155 7.096209 0.053226
154.000000 0.001274 0.000301 0.001276 0.000287 6.653859 0.032645 7.102197 0.060985
155.000000 0.001259 0.000299 0.001261 0.000284 6.646018 0.038541 7.100365 0.047519
156.000000 0.001244 0.000296 0.001246 0.000282 6.641305 0.063633 7.105983 0.041159
157.000000 0.001230 0.000293 0.001232 0.000279 6.653563 0.072907 7.126365 0.051181
158.000000 0.001216 0.000291 0.001218 0.000277 6.637514 0.046463 7.110680 0.055615
159.000000 0.001201 0.000288 0.001204 0.000275 6.634208 0.046742 7.118521 0.064160
160.000000 0.001188 0.000286 0.001190 0.000272 6.626159 0.054846 7.116818 0.044459
161.000000 0.001174 0.000283 0.001176 0.000270 6.625015 0.048630 7.114794 0.048362
162.000000 0.001161 0.000281 0.001163 0.000268 6.615625 0.053908 7.126586 0.056531
163.000000 0.001147 0.000278 0.001150 0.000265 6.626453 0.051566 7.132798 0.062597
164.000000 0.001134 0.000276 0.001137 0.000263 6.624646 0.049701 7.128309 0.060250
165.000000 0.001122 0.000274 0.001125 0.000261 6.613459 0.051466 7.146118 0.071036
166.000000 0.001109 0.000271 0.001112 0.000259 6.610109 0.047358 7.134295 0.062384
167.000000 0.001097 0.000269 0.001100 0.000257 6.614818 0.058980 7.149522 0.075631
168.000000 0.001085 0.000267 0.001088 0.000254 6.603270 0.053552 7.148529 0.075953
169.000000 0.001073 0.000264 0.001076 0.000252 6.604794 0.050222 7.155209 0.066995
170.000000 0.001061 0.000262 0.001064 0.000250 6.602198 0.059163 7.158452 0.075820
171.000000 0.001049 0.000260 0.001053 0.000248 6.599415 0.063303 7.174381 0.076841
172.000000 0.001038 0.000258 0.001042 0.000246 6.595755 0.048485 7.151594 0.072511
173.000000 0.001027 0.000256 0.001030 0.000244 6.590569 0.045362 7.173026 0.082125
174.000000 0.001016 0.000254 0.001020 0.000242 6.591508 0.055235 7.172007 0.078603
175.000000 0.001005 0.000251 0.001009 0.000240 6.583783 0.051401 7.175359 0.084119
176.000000 0.000994 0.000249 0.000998 0.000238 6.597936 0.056122 7.201413 0.105133
177.000000 0.000983 0.000247 0.000988 0.000237 6.585036 0.050102 7.197227 0.093580
178.000000 0.000973 0.000245 0.000977 0.000235 6.581266 0.053367 7.185611 0.083581
179.000000 0.000963 0.000243 0.000967 0.000233 6.576593 0.058972 7.202247 0.083568
180.000000 0.000953 0.000241 0.000957 0.000231 6.562928 0.061217 7.202096 0.094230
181.000000 0.000943 0.000239 0.000947 0.000229 6.571669 0.073287 7.201499 0.087345
182.000000 0.000933 0.000237 0.000938 0.000227 6.576633 0.066579 7.220421 0.099002
183.000000 0.000923 0.000235 0.000928 0.000226 6.554161 0.059598 7.208269 0.095274
184.000000 0.000914 0.000234 0.000919 0.000224 6.570915 0.071010 7.223398 0.103230
185.000000 0.000904 0.000232 0.000909 0.000222 6.573349 0.074621 7.241106 0.105963
186.000000 0.000895 0.000230 0.000900 0.000220 6.563900 0.073205 7.240518 0.108214
187.000000 0.000886 0.000228 0.000891 0.000219 6.565532 0.074687 7.236578 0.103689
188.000000 0.000877 0.000226 0.000882 0.000217 6.571769 0.092308 7.254604 0.092796
189.000000 0.000868 0.000224 0.000873 0.000215 6.560199 0.086027 7.241292 0.095428
190.000000 0.000859 0.000223 0.000865 0.000214 6.569769 0.104810 7.254698 0.083518
191.000000 0.000851 0.000221 0.000856 0.000212 6.567724 0.128693 7.270702 0.071322
192.000000 0.000842 0.000219 0.000848 0.000210 6.560548 0.099668 7.252699 0.081100
193.000000 0.000834 0.000217 0.000840 0.000209 6.531049 0.082373 7.248645 0.091751
194.000000 0.000826 0.000215 0.000832 0.000207 6.551307 0.110430 7.284640 0.082087
195.000000 0.000819 0.000213 0.000825 0.000204 6.534703 0.093350 7.259918 0.109027
196.000000 0.000813 0.000210 0.000819 0.000201 6.524166 0.088841 7.272124 0.095633
197.000000 0.000811 0.000205 0.000817 0.000197 6.543129 0.069003 7.289887 0.113475
198.000000 0.000818 0.000201 0.000824 0.000192 6.543450 0.076407 7.289270 0.146345
199.000000 0.000851 0.000227 0.000859 0.000222 6.512755 0.076561 7.260238 0.099402
