# epochs mean_loss std_loss mean_test_loss std_test_loss mean_loss_grad std_loss_grad mean_test_loss_grad std_test_loss_grad
0.000000 7.951989 0.072136 7.984862 0.072325 7.988882 0.025120 8.019952 0.024735
1.000000 6.864354 0.053637 6.898574 0.054010 7.159389 0.150372 7.191178 0.149880
2.000000 4.923086 0.115126 4.957732 0.114937 5.176661 0.398091 5.208880 0.398625
3.000000 2.390419 0.243790 2.417177 0.253581 2.612938 0.500739 2.640100 0.510102
4.000000 1.414396 0.258095 1.415306 0.260261 2.108462 0.541708 2.118490 0.548728
5.000000 1.791486 0.415148 1.783208 0.422867 0.704131 0.302260 0.700073 0.298510
6.000000 1.242884 0.222682 1.245770 0.228521 0.881701 0.138421 0.878848 0.139702
7.000000 0.629026 0.196870 0.629205 0.200465 1.231560 0.166556 1.228114 0.164463
8.000000 0.557826 0.157565 0.555462 0.157963 1.113634 0.243721 1.108383 0.241106
9.000000 0.716809 0.131184 0.714629 0.131038 0.687678 0.212698 0.683952 0.208717
10.000000 0.786745 0.102644 0.784665 0.103399 0.465262 0.152805 0.467498 0.151981
11.000000 0.702973 0.075092 0.700465 0.076082 0.471561 0.073613 0.477952 0.074237
12.000000 0.529587 0.063428 0.527558 0.062562 0.456319 0.123153 0.461926 0.124595
13.000000 0.362363 0.079236 0.362739 0.079529 0.388814 0.052581 0.392707 0.055294
14.000000 0.270325 0.081304 0.273679 0.082582 0.351643 0.082874 0.354338 0.084529
15.000000 0.260720 0.045883 0.264702 0.047431 0.317527 0.069474 0.319508 0.070824
16.000000 0.287417 0.059586 0.289458 0.062312 0.262616 0.073071 0.264695 0.073108
17.000000 0.268012 0.044755 0.268326 0.047401 0.219767 0.056877 0.222694 0.056221
18.000000 0.205834 0.030930 0.206315 0.030424 0.192394 0.060985 0.196044 0.063016
19.000000 0.165503 0.043645 0.166923 0.043330 0.170626 0.046270 0.174215 0.047939
20.000000 0.161679 0.036987 0.163412 0.037699 0.162200 0.024596 0.165006 0.025256
21.000000 0.164911 0.024599 0.166366 0.025097 0.155154 0.026309 0.157020 0.026543
22.000000 0.161363 0.030008 0.162625 0.030338 0.134953 0.037914 0.136228 0.038741
23.000000 0.152679 0.028903 0.154009 0.029486 0.111138 0.031877 0.111945 0.032955
24.000000 0.137020 0.022262 0.138366 0.022611 0.101868 0.021108 0.102152 0.021643
25.000000 0.118058 0.022327 0.119213 0.022155 0.100105 0.027507 0.100081 0.027298
26.000000 0.109034 0.022346 0.110154 0.022353 0.089587 0.025027 0.089594 0.024703
27.000000 0.111410 0.014742 0.112971 0.015298 0.074680 0.025535 0.074873 0.025330
28.000000 0.108932 0.008234 0.111066 0.009086 0.066737 0.018481 0.067019 0.018641
29.000000 0.094975 0.010397 0.097284 0.010663 0.062804 0.012720 0.063043 0.013103
30.000000 0.079761 0.011807 0.081808 0.012185 0.055883 0.016891 0.056123 0.016990
31.000000 0.069145 0.014272 0.070762 0.014909 0.050769 0.013934 0.051026 0.014268
32.000000 0.064445 0.013613 0.065656 0.014068 0.051565 0.011263 0.051657 0.011577
33.000000 0.066922 0.010475 0.067848 0.010602 0.050917 0.010832 0.050797 0.010767
34.000000 0.070154 0.008659 0.070937 0.008979 0.043684 0.013499 0.043543 0.013690
35.000000 0.066700 0.007413 0.067397 0.007388 0.035563 0.012500 0.035528 0.012917
36.000000 0.058912 0.007804 0.059532 0.007250 0.032242 0.009774 0.032263 0.009945
37.000000 0.051028 0.009120 0.051604 0.009016 0.031979 0.004520 0.031968 0.004298
38.000000 0.043846 0.008216 0.044412 0.008406 0.031103 0.006573 0.031027 0.006592
39.000000 0.040747 0.006537 0.041359 0.006745 0.029198 0.006471 0.029090 0.006525
40.000000 0.042849 0.006278 0.043553 0.006426 0.027018 0.006184 0.026943 0.006230
41.000000 0.043715 0.005967 0.044464 0.006046 0.024771 0.006584 0.024761 0.006601
42.000000 0.039600 0.002642 0.040324 0.002731 0.023031 0.006724 0.023053 0.006682
43.000000 0.034110 0.003574 0.034809 0.003625 0.021579 0.005620 0.021586 0.005476
44.000000 0.030647 0.004523 0.031327 0.004481 0.019999 0.004395 0.019997 0.004288
45.000000 0.029618 0.003716 0.030257 0.003583 0.018622 0.002901 0.018638 0.002910
46.000000 0.030161 0.003368 0.030773 0.003365 0.017202 0.003196 0.017250 0.003062
47.000000 0.030305 0.003560 0.030920 0.003734 0.015700 0.003133 0.015771 0.003044
48.000000 0.028482 0.002533 0.029097 0.002617 0.015105 0.003706 0.015190 0.003606
49.000000 0.025447 0.003068 0.026048 0.002959 0.015026 0.002129 0.015127 0.002089
50.000000 0.022898 0.003207 0.023488 0.003109 0.014243 0.002785 0.014361 0.002838
51.000000 0.021851 0.002122 0.022453 0.002069 0.012978 0.003097 0.013094 0.003183
52.000000 0.022113 0.002391 0.022773 0.002426 0.012113 0.002622 0.012200 0.002671
53.000000 0.022226 0.002633 0.022953 0.002733 0.011461 0.002011 0.011499 0.002006
54.000000 0.021056 0.001947 0.021790 0.002048 0.010687 0.001502 0.010675 0.001476
55.000000 0.019258 0.001780 0.019939 0.001801 0.010034 0.001644 0.009992 0.001620
56.000000 0.017955 0.001676 0.018573 0.001690 0.009626 0.001760 0.009584 0.001708
57.000000 0.017546 0.001379 0.018131 0.001420 0.009462 0.001586 0.009430 0.001538
58.000000 0.017598 0.001526 0.018196 0.001576 0.009181 0.001501 0.009152 0.001477
59.000000 0.017130 0.001484 0.017763 0.001587 0.008424 0.001617 0.008395 0.001574
60.000000 0.015996 0.001563 0.016638 0.001672 0.007871 0.001609 0.007843 0.001566
61.000000 0.015025 0.001588 0.015647 0.001664 0.007841 0.001226 0.007815 0.001210
62.000000 0.014508 0.001450 0.015098 0.001502 0.007559 0.001238 0.007538 0.001257
63.000000 0.014244 0.001279 0.014804 0.001314 0.007116 0.001276 0.007106 0.001293
64.000000 0.014023 0.001210 0.014561 0.001259 0.006989 0.001190 0.006992 0.001197
65.000000 0.013499 0.001534 0.014013 0.001582 0.006713 0.001211 0.006723 0.001211
66.000000 0.012824 0.001701 0.013307 0.001744 0.006222 0.001178 0.006237 0.001178
67.000000 0.012445 0.001567 0.012904 0.001619 0.006014 0.001024 0.006030 0.001029
68.000000 0.012285 0.001386 0.012732 0.001451 0.005958 0.000895 0.005974 0.000912
69.000000 0.012023 0.001269 0.012470 0.001337 0.005704 0.000965 0.005719 0.000980
70.000000 0.011555 0.001412 0.012010 0.001485 0.005374 0.000957 0.005388 0.000963
71.000000 0.011055 0.001705 0.011523 0.001773 0.005208 0.000935 0.005220 0.000943
72.000000 0.010732 0.001714 0.011213 0.001771 0.005121 0.000901 0.005134 0.000918
73.000000 0.010530 0.001550 0.011019 0.001604 0.004942 0.000892 0.004954 0.000905
74.000000 0.010309 0.001497 0.010794 0.001550 0.004761 0.000854 0.004770 0.000858
75.000000 0.010035 0.001556 0.010500 0.001613 0.004628 0.000818 0.004635 0.000818
76.000000 0.009721 0.001605 0.010153 0.001671 0.004432 0.000821 0.004439 0.000823
77.000000 0.009462 0.001627 0.009858 0.001697 0.004245 0.000805 0.004254 0.000816
78.000000 0.009289 0.001652 0.009660 0.001725 0.004158 0.000779 0.004171 0.000791
79.000000 0.009087 0.001673 0.009450 0.001743 0.004085 0.000795 0.004101 0.000803
80.000000 0.008822 0.001680 0.009191 0.001744 0.003946 0.000782 0.003961 0.000791
81.000000 0.008578 0.001685 0.008956 0.001747 0.003786 0.000758 0.003798 0.000765
82.000000 0.008390 0.001655 0.008773 0.001719 0.003693 0.000781 0.003700 0.000786
83.000000 0.008236 0.001633 0.008613 0.001699 0.003599 0.000793 0.003603 0.000801
84.000000 0.008079 0.001688 0.008445 0.001755 0.003476 0.000756 0.003478 0.000764
85.000000 0.007880 0.001739 0.008230 0.001803 0.003401 0.000737 0.003402 0.000744
86.000000 0.007677 0.001714 0.008012 0.001778 0.003315 0.000761 0.003316 0.000770
87.000000 0.007529 0.001677 0.007852 0.001742 0.003195 0.000764 0.003194 0.000774
88.000000 0.007398 0.001668 0.007712 0.001733 0.003090 0.000731 0.003088 0.000739
89.000000 0.007248 0.001693 0.007559 0.001755 0.003006 0.000722 0.003006 0.000731
90.000000 0.007089 0.001723 0.007402 0.001778 0.002934 0.000735 0.002937 0.000747
91.000000 0.006933 0.001712 0.007250 0.001763 0.002849 0.000736 0.002855 0.000748
92.000000 0.006794 0.001688 0.007115 0.001741 0.002775 0.000723 0.002781 0.000735
93.000000 0.006673 0.001677 0.006994 0.001738 0.002703 0.000718 0.002709 0.000729
94.000000 0.006554 0.001679 0.006871 0.001749 0.002612 0.000718 0.002618 0.000729
95.000000 0.006414 0.001682 0.006724 0.001758 0.002549 0.000712 0.002554 0.000723
96.000000 0.006282 0.001673 0.006583 0.001751 0.002485 0.000707 0.002489 0.000718
97.000000 0.006173 0.001662 0.006464 0.001739 0.002401 0.000695 0.002405 0.000705
98.000000 0.006058 0.001655 0.006340 0.001730 0.002337 0.000683 0.002338 0.000693
99.000000 0.005945 0.001651 0.006220 0.001723 0.002286 0.000684 0.002285 0.000693
100.000000 0.005836 0.001644 0.006108 0.001714 0.002229 0.000686 0.002227 0.000695
101.000000 0.005727 0.001630 0.005998 0.001697 0.002164 0.000677 0.002162 0.000686
102.000000 0.005627 0.001620 0.005899 0.001689 0.002105 0.000664 0.002103 0.000672
103.000000 0.005525 0.001613 0.005795 0.001685 0.002051 0.000657 0.002049 0.000665
104.000000 0.005422 0.001602 0.005689 0.001677 0.001998 0.000652 0.001997 0.000661
105.000000 0.005326 0.001589 0.005589 0.001667 0.001950 0.000648 0.001949 0.000656
106.000000 0.005234 0.001576 0.005493 0.001655 0.001900 0.000642 0.001900 0.000651
107.000000 0.005144 0.001564 0.005398 0.001642 0.001851 0.000640 0.001851 0.000648
108.000000 0.005051 0.001554 0.005300 0.001629 0.001808 0.000635 0.001807 0.000643
109.000000 0.004964 0.001541 0.005208 0.001616 0.001764 0.000625 0.001763 0.000632
110.000000 0.004880 0.001526 0.005121 0.001601 0.001718 0.000620 0.001716 0.000627
111.000000 0.004797 0.001513 0.005035 0.001588 0.001678 0.000618 0.001676 0.000624
112.000000 0.004713 0.001502 0.004947 0.001577 0.001640 0.000613 0.001638 0.000619
113.000000 0.004630 0.001489 0.004861 0.001565 0.001599 0.000609 0.001597 0.000614
114.000000 0.004553 0.001475 0.004780 0.001550 0.001562 0.000604 0.001560 0.000610
115.000000 0.004478 0.001460 0.004701 0.001534 0.001528 0.000599 0.001526 0.000606
116.000000 0.004401 0.001447 0.004622 0.001520 0.001492 0.000595 0.001491 0.000602
117.000000 0.004326 0.001435 0.004543 0.001505 0.001459 0.000591 0.001458 0.000599
118.000000 0.004253 0.001421 0.004466 0.001491 0.001427 0.000587 0.001427 0.000594
119.000000 0.004184 0.001408 0.004393 0.001477 0.001396 0.000582 0.001395 0.000588
120.000000 0.004114 0.001394 0.004319 0.001463 0.001367 0.000577 0.001365 0.000583
121.000000 0.004044 0.001380 0.004246 0.001450 0.001338 0.000573 0.001337 0.000578
122.000000 0.003977 0.001367 0.004175 0.001437 0.001311 0.000567 0.001309 0.000572
123.000000 0.003912 0.001354 0.004106 0.001423 0.001284 0.000562 0.001283 0.000567
124.000000 0.003848 0.001340 0.004039 0.001409 0.001259 0.000558 0.001258 0.000563
125.000000 0.003784 0.001327 0.003972 0.001394 0.001235 0.000552 0.001233 0.000556
126.000000 0.003721 0.001313 0.003906 0.001380 0.001211 0.000547 0.001209 0.000551
127.000000 0.003660 0.001300 0.003842 0.001366 0.001188 0.000542 0.001186 0.000546
128.000000 0.003601 0.001287 0.003778 0.001352 0.001166 0.000536 0.001165 0.000540
129.000000 0.003542 0.001274 0.003716 0.001338 0.001144 0.000531 0.001144 0.000536
130.000000 0.003484 0.001261 0.003654 0.001325 0.001124 0.000526 0.001123 0.000530
131.000000 0.003427 0.001248 0.003594 0.001311 0.001104 0.000520 0.001103 0.000524
132.000000 0.003371 0.001235 0.003535 0.001298 0.001085 0.000514 0.001084 0.000518
133.000000 0.003316 0.001222 0.003478 0.001284 0.001066 0.000508 0.001065 0.000512
134.000000 0.003262 0.001209 0.003420 0.001271 0.001048 0.000502 0.001047 0.000506
135.000000 0.003209 0.001197 0.003364 0.001257 0.001030 0.000496 0.001030 0.000500
136.000000 0.003157 0.001184 0.003309 0.001244 0.001013 0.000491 0.001013 0.000494
137.000000 0.003106 0.001171 0.003255 0.001230 0.000996 0.000485 0.000996 0.000488
138.000000 0.003055 0.001158 0.003202 0.001217 0.000980 0.000479 0.000979 0.000482
139.000000 0.003006 0.001146 0.003149 0.001204 0.000965 0.000473 0.000963 0.000476
140.000000 0.002957 0.001134 0.003098 0.001191 0.000949 0.000467 0.000947 0.000470
141.000000 0.002909 0.001121 0.003047 0.001178 0.000934 0.000461 0.000933 0.000464
142.000000 0.002862 0.001109 0.002998 0.001165 0.000919 0.000456 0.000918 0.000458
143.000000 0.002816 0.001096 0.002948 0.001153 0.000905 0.000450 0.000904 0.000452
144.000000 0.002770 0.001084 0.002900 0.001140 0.000891 0.000444 0.000890 0.000446
145.000000 0.002725 0.001072 0.002852 0.001127 0.000877 0.000438 0.000876 0.000440
146.000000 0.002681 0.001060 0.002806 0.001115 0.000864 0.000432 0.000863 0.000434
147.000000 0.002638 0.001048 0.002760 0.001102 0.000851 0.000427 0.000850 0.000429
148.000000 0.002595 0.001036 0.002715 0.001090 0.000838 0.000421 0.000837 0.000423
149.000000 0.002554 0.001024 0.002670 0.001077 0.000825 0.000416 0.000824 0.000417
150.000000 0.002512 0.001012 0.002626 0.001065 0.000813 0.000410 0.000812 0.000412
151.000000 0.002472 0.001000 0.002583 0.001053 0.000801 0.000405 0.000800 0.000406
152.000000 0.002432 0.000988 0.002541 0.001041 0.000789 0.000399 0.000788 0.000401
153.000000 0.002393 0.000977 0.002500 0.001029 0.000778 0.000394 0.000776 0.000395
154.000000 0.002354 0.000965 0.002459 0.001017 0.000766 0.000389 0.000765 0.000390
155.000000 0.002317 0.000953 0.002419 0.001005 0.000755 0.000384 0.000754 0.000385
156.000000 0.002279 0.000942 0.002379 0.000993 0.000744 0.000378 0.000743 0.000380
157.000000 0.002243 0.000930 0.002341 0.000981 0.000733 0.000373 0.000732 0.000375
158.000000 0.002207 0.000919 0.002303 0.000969 0.000723 0.000368 0.000721 0.000369
159.000000 0.002172 0.000908 0.002265 0.000957 0.000712 0.000363 0.000711 0.000364
160.000000 0.002137 0.000897 0.002229 0.000946 0.000702 0.000358 0.000700 0.000359
161.000000 0.002103 0.000885 0.002193 0.000934 0.000692 0.000354 0.000690 0.000354
162.000000 0.002070 0.000874 0.002157 0.000923 0.000682 0.000349 0.000681 0.000349
163.000000 0.002037 0.000863 0.002123 0.000911 0.000673 0.000344 0.000671 0.000345
164.000000 0.002005 0.000852 0.002089 0.000900 0.000663 0.000339 0.000662 0.000340
165.000000 0.001974 0.000842 0.002055 0.000889 0.000654 0.000334 0.000652 0.000335
166.000000 0.001943 0.000831 0.002023 0.000878 0.000645 0.000330 0.000643 0.000330
167.000000 0.001913 0.000820 0.001991 0.000866 0.000636 0.000325 0.000634 0.000326
168.000000 0.001883 0.000810 0.001959 0.000855 0.000627 0.000320 0.000625 0.000321
169.000000 0.001854 0.000799 0.001928 0.000844 0.000619 0.000316 0.000617 0.000316
170.000000 0.001825 0.000789 0.001898 0.000834 0.000610 0.000311 0.000608 0.000312
171.000000 0.001797 0.000778 0.001868 0.000823 0.000602 0.000307 0.000600 0.000307
172.000000 0.001769 0.000768 0.001839 0.000812 0.000593 0.000302 0.000592 0.000302
173.000000 0.001743 0.000758 0.001810 0.000801 0.000585 0.000297 0.000583 0.000298
174.000000 0.001716 0.000748 0.001782 0.000791 0.000577 0.000293 0.000575 0.000293
175.000000 0.001690 0.000738 0.001755 0.000780 0.000569 0.000288 0.000568 0.000289
176.000000 0.001665 0.000728 0.001728 0.000770 0.000562 0.000284 0.000560 0.000284
177.000000 0.001640 0.000718 0.001701 0.000760 0.000554 0.000279 0.000552 0.000280
178.000000 0.001615 0.000708 0.001676 0.000749 0.000547 0.000275 0.000545 0.000275
179.000000 0.001591 0.000698 0.001650 0.000739 0.000539 0.000270 0.000537 0.000271
180.000000 0.001568 0.000689 0.001625 0.000729 0.000532 0.000266 0.000530 0.000266
181.000000 0.001545 0.000679 0.001601 0.000719 0.000525 0.000262 0.000523 0.000262
182.000000 0.001522 0.000670 0.001577 0.000709 0.000518 0.000257 0.000516 0.000257
183.000000 0.001500 0.000660 0.001554 0.000699 0.000511 0.000253 0.000509 0.000253
184.000000 0.001479 0.000651 0.001531 0.000690 0.000504 0.000248 0.000502 0.000248
185.000000 0.001458 0.000642 0.001508 0.000680 0.000497 0.000244 0.000495 0.000244
186.000000 0.001437 0.000633 0.001486 0.000670 0.000491 0.000239 0.000489 0.000239
187.000000 0.001416 0.000624 0.001465 0.000661 0.000484 0.000235 0.000482 0.000235
188.000000 0.001396 0.000615 0.001444 0.000652 0.000478 0.000231 0.000476 0.000230
189.000000 0.001377 0.000606 0.001423 0.000642 0.000471 0.000226 0.000469 0.000226
190.000000 0.001358 0.000597 0.001403 0.000633 0.000465 0.000222 0.000463 0.000222
191.000000 0.001339 0.000589 0.001383 0.000624 0.000459 0.000217 0.000457 0.000217
192.000000 0.001320 0.000580 0.001364 0.000615 0.000453 0.000213 0.000451 0.000213
193.000000 0.001302 0.000572 0.001345 0.000606 0.000447 0.000209 0.000445 0.000208
194.000000 0.001285 0.000563 0.001326 0.000597 0.000441 0.000204 0.000439 0.000204
195.000000 0.001267 0.000555 0.001308 0.000588 0.000435 0.000200 0.000433 0.000200
196.000000 0.001250 0.000547 0.001290 0.000580 0.000429 0.000196 0.000427 0.000195
197.000000 0.001234 0.000539 0.001272 0.000571 0.000424 0.000191 0.000421 0.000191
198.000000 0.001217 0.000531 0.001255 0.000562 0.000418 0.000187 0.000416 0.000187
199.000000 0.001201 0.000523 0.001238 0.000554 0.000413 0.000183 0.000410 0.000183
