# x0 x1 x2 x3 x4 x5 x6 x7 amplitude sigma
-0.642940 0.241662 0.144446 0.976139 -0.953030 0.119973 0.369043 0.787626 1.000000 1.430557
0.401182 -0.635170 0.401170 0.844350 -0.598193 -0.728709 0.344227 -0.722642 1.000000 0.881203
0.598396 -0.159293 -0.507644 -0.077726 -0.596752 -0.156931 0.317988 0.477956 1.000000 1.165347
-0.657638 -0.819493 -0.111832 0.189995 0.657789 -0.572101 0.112841 -0.019622 1.000000 1.499155
-0.552690 0.868132 0.052830 -0.818446 -0.844735 0.473381 0.382777 0.329597 1.000000 1.393223
-0.522340 -0.621791 0.163586 0.046878 0.141152 0.763135 0.751997 0.608809 1.000000 1.269079
0.061997 -0.864846 0.217753 -0.482841 0.145986 0.694813 0.635442 0.455541 1.000000 0.885843
0.885004 -0.660760 0.688992 0.695828 0.706757 0.759549 0.524296 -0.041692 1.000000 1.108666
-0.707807 0.009627 -0.402682 -0.556762 0.285032 0.501216 -0.543853 0.139005 1.000000 0.762282
-0.741644 0.664390 -0.005107 -0.410946 -0.750032 0.349934 -0.869057 0.544066 1.000000 0.990967
0.843841 0.562765 0.148885 0.009925 0.362046 -0.120469 -0.481058 0.316795 1.000000 0.755129
0.770437 0.082462 0.494019 0.345024 0.591140 -0.499836 -0.496511 -0.582941 1.000000 0.738806
-0.618228 -0.639907 -0.441064 0.473429 0.207061 -0.497268 -0.599146 -0.470750 1.000000 1.399945
-0.643662 -0.816314 -0.363760 -0.114848 -0.652778 -0.476311 0.302180 0.832008 1.000000 1.135290
0.202291 -0.790149 0.148534 0.152327 0.108458 -0.652134 -0.959136 0.248678 1.000000 0.658443
0.900162 0.871899 -0.502480 0.055277 0.247203 -0.864500 -0.130172 0.126821 1.000000 0.674896
0.458181 -0.227989 0.472265 -0.200273 0.531032 0.144146 0.559892 0.376239 1.000000 1.129927
0.679317 0.164854 -0.217369 0.267646 0.687197 0.209356 0.582401 0.081190 1.000000 0.745378
0.036342 0.353200 0.647331 0.749463 -0.328361 0.683781 0.174663 -0.525399 1.000000 1.479092
-0.464034 -0.650383 -0.057780 0.551080 0.983907 -0.349994 -0.975820 0.068590 1.000000 1.044773
0.454533 0.644540 0.499147 0.465399 0.757342 0.720972 0.427392 -0.589021 1.000000 1.369900
-0.245410 -0.557990 0.578853 0.745129 -0.147406 0.551170 -0.810276 0.949849 1.000000 1.057192
0.398587 0.431937 -0.785636 -0.732191 -0.800665 -0.784724 -0.597337 0.096725 1.000000 0.810564
-0.144672 -0.383918 0.237293 -0.689963 0.374242 -0.878187 0.067950 0.042045 1.000000 0.915642
-0.845550 0.595995 0.414225 0.894924 -0.465598 -0.619761 0.958617 0.894374 1.000000 1.151062
0.868791 -0.916034 0.796422 0.787605 0.546547 0.011533 -0.734885 -0.273899 1.000000 1.425208
-0.345845 0.808039 0.449858 0.363916 0.481009 -0.774472 -0.220275 0.358979 1.000000 0.507828
-0.307500 -0.555400 0.567407 0.655720 -0.666604 -0.434393 0.080636 -0.229049 1.000000 1.419964
0.413801 0.643453 -0.803176 -0.165491 0.777756 0.825202 0.801367 -0.916692 1.000000 0.552402
-0.532298 -0.550124 -0.119107 0.838397 0.171353 0.758152 0.517237 0.685665 1.000000 1.151855
-0.542525 -0.417249 0.356066 -0.251594 -0.234827 -0.051987 0.590517 -0.266766 1.000000 1.064413
0.866406 0.429194 0.245452 -0.272644 -0.149919 0.606081 0.543525 0.277710 1.000000 1.029080
0.314994 -0.933879 -0.615737 -0.482911 -0.120678 0.327700 0.145419 0.331731 1.000000 1.127494
-0.411436 -0.072589 -0.425934 0.729960 0.046952 0.660391 0.566331 0.622074 1.000000 0.620450
-0.238167 0.775451 -0.570050 -0.263630 0.977297 0.027508 0.544337 0.851461 1.000000 1.396922
-0.507040 -0.472199 -0.954807 -0.670102 -0.299217 0.286834 -0.364068 -0.098122 1.000000 1.323654
-0.843359 0.414985 -0.952975 -0.949436 0.497916 -0.757968 0.385830 0.924362 1.000000 1.126037
0.982266 0.944977 0.247145 -0.928089 -0.549763 0.021524 -0.953724 -0.439422 1.000000 1.037788
-0.120854 0.159725 -0.735126 -0.480611 0.187576 -0.224441 0.364869 0.941234 1.000000 0.570348
0.946367 0.447089 -0.805571 -0.417685 0.889102 0.412036 0.236922 0.191386 1.000000 1.476307
0.030913 -0.789494 -0.081258 0.661547 -0.797548 -0.380908 0.817292 -0.826586 1.000000 0.973358
-0.371865 0.191062 -0.456131 0.109534 0.394788 -0.638414 0.207248 -0.917734 1.000000 0.661320
0.153573 0.570861 -0.813103 -0.804508 0.233808 0.131532 0.974410 -0.088278 1.000000 1.082271
0.980300 0.573301 0.162540 0.908209 -0.157290 0.147366 0.298218 0.214059 1.000000 1.216766
-0.840181 -0.196706 -0.750481 0.124155 0.073245 -0.519488 0.570213 -0.473578 1.000000 0.738717
0.722256 0.342718 -0.315947 0.041513 0.388547 0.740468 -0.088252 0.837563 1.000000 1.145421
-0.857826 0.235398 -0.565479 0.539898 0.035336 -0.519259 -0.262964 -0.160395 1.000000 0.743547
-0.534312 -0.560589 -0.771169 0.050403 -0.651770 -0.333153 0.031941 -0.200739 1.000000 1.384120
0.620502 0.304100 0.511189 0.067768 0.664470 -0.794285 0.488972 -0.780855 1.000000 1.060602
-0.768897 0.900119 -0.854808 -0.411644 -0.356493 0.885046 0.994419 0.479691 1.000000 1.147479
0.446360 0.645225 -0.576821 0.958329 0.226782 0.510084 0.736100 0.538140 1.000000 1.358853
0.229829 -0.061849 -0.887213 -0.496061 -0.512125 -0.256684 -0.976530 -0.955590 1.000000 1.446753
0.068116 -0.391072 0.605326 0.953818 0.732477 -0.611699 0.117689 0.851441 1.000000 1.342025
-0.919018 -0.487679 -0.664289 -0.495167 -0.078639 -0.794593 -0.102139 0.773589 1.000000 0.635194
0.508873 0.140330 0.632757 -0.526456 -0.219183 0.102075 0.960751 0.023266 1.000000 0.604882
0.795151 -0.238891 0.663754 0.932694 -0.594370 0.143116 0.001168 -0.278641 1.000000 1.260133
-0.973119 -0.150160 0.722263 0.711526 -0.763940 0.053864 0.758807 -0.164779 1.000000 0.983330
0.847528 0.601458 -0.700284 0.827208 0.279242 -0.822343 -0.855412 0.435235 1.000000 1.089668
0.788078 0.584485 0.492268 -0.356381 0.286878 -0.438785 0.780298 -0.979141 1.000000 1.372401
0.291654 -0.771936 -0.164790 -0.344153 0.416483 0.484620 -0.323377 0.004606 1.000000 1.173121
0.263097 0.426381 0.428511 0.346114 -0.553570 -0.078458 0.560180 -0.047477 1.000000 0.952971
0.186059 0.673824 0.280026 0.936922 -0.870569 -0.751279 -0.563137 0.001527 1.000000 0.502275
-0.306557 -0.306536 0.096355 0.510018 0.537079 -0.746775 0.521622 -0.855618 1.000000 1.166321
0.982562 0.930388 -0.673188 -0.867429 0.475125 -0.237450 -0.779265 0.955145 1.000000 1.213627
-0.189985 0.209383 0.538853 0.122375 -0.445859 -0.318334 0.629254 -0.128321 1.000000 1.342521
0.665145 0.313092 -0.781789 0.751163 0.661856 0.668094 0.051150 -0.229033 1.000000 1.159416
-0.604182 0.209980 0.766415 -0.309162 0.382234 -0.613506 0.219817 -0.108069 1.000000 1.390207
-0.628865 -0.499706 -0.702392 -0.049859 0.242656 -0.865764 -0.376275 0.200424 1.000000 1.074493
0.403819 -0.284418 -0.263135 0.009886 0.909770 0.412704 0.973988 -0.731866 1.000000 1.227316
0.408843 0.092354 -0.417287 0.586469 0.669971 -0.677940 -0.352985 -0.038792 1.000000 1.496930
0.629732 -0.813817 -0.531472 0.740923 -0.934595 0.983150 -0.672775 -0.749782 1.000000 0.518670
-0.571592 0.560989 0.781682 -0.626819 0.632775 -0.952150 0.466065 -0.254302 1.000000 0.610133
-0.292278 0.301692 0.396217 0.213419 -0.770825 -0.157924 0.785138 -0.966261 1.000000 0.592828
-0.661513 0.722901 0.917231 -0.028302 0.444772 0.598312 -0.309709 0.794187 1.000000 0.573147
0.066304 0.850314 0.849809 -0.218895 -0.508411 -0.093551 0.739229 0.301309 1.000000 1.417273
0.919217 -0.200466 0.693025 0.786107 0.015273 -0.709280 -0.200456 -0.391533 1.000000 1.361936
0.064570 0.972705 -0.962703 0.790399 -0.450685 0.114709 0.067356 -0.354404 1.000000 1.175634
-0.034501 0.336128 -0.606131 0.405647 -0.220190 -0.787390 -0.765142 0.838066 1.000000 1.056968
-0.424286 -0.642379 -0.509362 0.137207 0.277347 -0.340291 -0.771290 -0.776872 1.000000 1.426113
-0.026445 -0.149743 -0.934641 0.051561 0.913767 0.351454 -0.888425 -0.611675 1.000000 1.282148
0.998497 0.563555 -0.794397 -0.507886 0.248034 -0.449610 -0.060270 0.266584 1.000000 1.012574
0.790390 0.503774 -0.110078 0.367584 0.701535 0.277838 0.364390 0.799509 1.000000 0.599204
-0.370794 0.716628 -0.770599 -0.498263 0.202334 -0.490296 -0.456836 -0.399160 1.000000 1.067252
-0.819562 0.538660 0.939321 -0.150973 -0.510423 0.526861 0.691953 0.162376 1.000000 0.646523
0.890684 -0.896341 0.160651 -0.463821 0.945548 -0.056980 0.590340 0.352788 1.000000 0.621131
0.729772 0.518103 0.232487 -0.121006 -0.775466 -0.590130 0.996169 -0.971386 1.000000 1.499981
-0.239974 0.853177 -0.263376 0.205686 0.513186 0.121113 -0.368653 -0.582702 1.000000 0.731726
0.976972 -0.302715 -0.113865 0.446460 -0.299306 0.699084 0.752270 -0.990685 1.000000 0.634395
0.128008 0.630291 0.958109 -0.350207 -0.122805 0.619010 0.295369 0.012339 1.000000 1.120006
-0.607572 0.339113 -0.516094 -0.169004 -0.742651 -0.465417 0.440644 0.745284 1.000000 1.182786
0.754422 -0.153954 0.642820 0.532345 -0.545324 -0.113965 -0.396440 -0.479967 1.000000 0.815262
0.243978 0.467121 0.815436 0.514059 -0.698881 0.240407 -0.737731 0.431286 1.000000 1.405769
-0.108162 -0.338028 0.866627 -0.030641 0.112985 -0.925397 -0.500328 -0.082860 1.000000 1.410869
-0.748035 -0.810332 0.230531 0.275790 0.194044 -0.858918 0.212859 -0.259632 1.000000 0.539691
0.819255 0.959917 0.282170 -0.186282 -0.477584 -0.997523 0.083435 0.395420 1.000000 1.425458
-0.236913 0.854506 -0.409736 0.682304 -0.271057 -0.187881 0.036991 -0.412142 1.000000 1.353595
0.225025 -0.656907 -0.678924 0.320125 -0.971612 -0.295974 0.252273 0.747916 1.000000 1.026765
-0.271044 0.893481 0.798819 -0.440508 0.202375 0.762550 0.713851 -0.451208 1.000000 0.671558
-0.770780 -0.454843 0.595617 0.015497 0.441517 0.368134 -0.023306 -0.556842 1.000000 1.168997
0.158098 -0.886342 -0.757750 -0.419382 -0.287141 0.717999 -0.180036 0.761552 1.000000 1.190136
0.458903 -0.735438 0.691827 0.534279 -0.761474 -0.681334 -0.599725 0.480924 1.000000 0.886426
0.860863 0.832541 0.190708 0.679152 0.273181 -0.199225 0.235738 0.001957 1.000000 0.784750
-0.807160 0.398780 -0.300961 -0.777846 0.669732 -0.987836 0.458069 -0.854272 1.000000 0.879438
0.538161 0.865928 0.226044 -0.035711 0.587476 0.294376 0.179946 0.519261 1.000000 1.207003
-0.700672 -0.455068 0.227773 -0.949692 0.622257 0.445908 0.244520 0.161457 1.000000 0.773075
-0.862524 0.425308 0.779226 -0.909482 -0.171234 0.967282 -0.641978 0.859734 1.000000 0.888988
-0.514742 0.219940 -0.338246 -0.576595 0.508456 0.983255 0.737539 -0.889888 1.000000 0.864927
0.154962 -0.056292 -0.383293 -0.202619 0.834305 -0.392933 0.874837 -0.531769 1.000000 0.862320
-0.228981 0.484109 -0.991878 0.569925 -0.445552 -0.796710 -0.232162 -0.462531 1.000000 1.095795
0.000835 -0.076426 0.637741 0.911525 0.076200 -0.152111 0.927639 -0.644804 1.000000 1.182541
-0.482794 0.605446 -0.547524 -0.804924 0.668633 0.876445 0.174258 -0.343746 1.000000 1.040657
0.958543 0.430091 -0.614075 0.902470 -0.371682 0.850299 0.980826 0.770991 1.000000 0.631966
-0.235347 0.665536 0.884967 -0.286834 0.545285 0.004987 -0.481158 -0.035527 1.000000 1.438759
0.863894 -0.844716 -0.451421 0.855684 0.805124 -0.291848 0.723154 -0.701896 1.000000 1.461926
-0.971616 -0.749730 -0.055990 -0.192963 -0.018308 0.569849 -0.601032 0.544070 1.000000 0.625500
-0.671117 -0.100335 0.852128 -0.744788 0.983530 -0.535501 -0.141994 0.494645 1.000000 1.445838
0.267606 -0.342096 -0.697789 0.537273 -0.807654 0.488669 0.367547 0.245553 1.000000 1.008285
0.831515 -0.469621 0.772095 0.130899 -0.590186 -0.838222 -0.773991 -0.020284 1.000000 0.938129
-0.020074 0.218351 -0.112998 0.612575 -0.956313 0.464330 0.043190 -0.026963 1.000000 1.148854
0.113713 -0.387463 0.057518 -0.699710 -0.407704 -0.025371 -0.354307 0.824988 1.000000 1.155980
0.027238 0.410604 0.860281 0.605863 0.697617 -0.495558 0.394325 -0.360420 1.000000 0.901692
0.704502 -0.888093 0.698802 -0.056368 -0.515948 -0.543341 -0.473009 0.669350 1.000000 1.355635
-0.337745 -0.354886 0.742959 -0.214419 0.431890 -0.490106 0.128284 0.274629 1.000000 1.160874
-0.533026 -0.281423 0.662730 0.940566 0.897948 0.828697 0.337862 -0.237544 1.000000 0.786934
-0.242364 0.852102 0.994770 -0.651488 0.971454 0.799465 -0.663928 -0.958968 1.000000 1.319989
-0.745166 -0.952134 0.904961 -0.624349 0.453005 0.597503 0.462469 -0.468107 1.000000 0.949990
-0.933681 -0.623809 0.830920 -0.246175 0.090605 0.731220 -0.208752 -0.914722 1.000000 1.493393
-0.080593 -0.528796 0.965886 0.610231 0.845467 0.005890 0.691340 0.371204 1.000000 0.603579
0.602391 -0.170761 -0.135510 0.586845 0.449735 -0.015347 0.428308 -0.436943 1.000000 0.518932
-0.572176 -0.689604 -0.650111 -0.299168 0.262020 -0.820239 0.079674 -0.043947 1.000000 1.215228
-0.745934 -0.406532 -0.654616 -0.819457 0.900395 0.828537 -0.533822 0.884339 1.000000 1.461514
-0.759402 -0.180405 0.363649 0.712949 0.959205 -0.313432 -0.632197 -0.353229 1.000000 0.758336
0.878241 -0.518674 0.043728 0.057710 0.883726 -0.807440 -0.478332 0.862853 1.000000 0.558488
0.287561 0.025635 -0.510048 0.857272 -0.070708 0.332200 0.665898 -0.811204 1.000000 1.213149
-0.670949 -0.886057 -0.551585 0.478518 0.726696 -0.835072 0.305459 -0.946989 1.000000 1.131420
0.478673 0.338853 0.727661 0.075525 0.026367 0.962762 0.062834 0.640459 1.000000 1.329607
-0.311928 0.686956 0.621061 -0.074439 0.902191 0.629727 0.556252 -0.547304 1.000000 0.807862
-0.979959 -0.938566 -0.740711 -0.199111 0.663800 -0.066941 0.650356 0.776274 1.000000 1.195266
-0.123914 -0.307255 0.819893 0.897776 0.626180 -0.461065 -0.018597 -0.432725 1.000000 0.653911
-0.410895 0.687717 -0.404718 -0.054429 0.375349 0.762500 0.817598 0.468570 1.000000 1.353877
0.885759 -0.285953 -0.270061 -0.351904 0.907131 -0.694085 -0.530024 -0.106507 1.000000 0.528806
-0.211782 0.193353 -0.334477 -0.390515 -0.045185 0.775836 0.800923 0.605476 1.000000 1.499948
0.816342 -0.639429 0.050037 -0.781502 0.431555 0.017267 -0.462862 0.222333 1.000000 1.461595
-0.788007 -0.648147 -0.987265 0.491904 -0.029151 -0.059121 -0.371221 -0.722905 1.000000 1.389102
0.105855 -0.680901 -0.230255 -0.223445 -0.937329 -0.814484 -0.595603 -0.921646 1.000000 0.936402
-0.978237 -0.020067 -0.879723 -0.855138 0.609329 0.243688 0.229702 -0.129909 1.000000 1.131515
0.292689 -0.744172 0.525317 -0.091468 -0.376760 0.862241 0.775853 0.743532 1.000000 1.231369
0.454996 -0.155562 -0.618849 0.335566 -0.340048 -0.372026 -0.488707 -0.085238 1.000000 0.705226
-0.374652 -0.517722 0.809182 0.150713 0.019397 0.291453 0.508959 -0.402377 1.000000 1.382959
-0.456638 -0.640563 -0.256671 -0.653480 -0.187066 0.581131 0.412185 -0.456450 1.000000 1.467666
-0.719257 -0.797161 0.881858 -0.495937 0.948620 0.751469 0.376513 -0.585483 1.000000 1.283516
-0.446776 0.931705 -0.096628 0.036085 0.696491 0.340590 -0.211011 0.474492 1.000000 1.325157
0.819389 -0.651508 0.404803 0.913480 -0.911782 -0.426441 0.517988 0.653175 1.000000 0.845717
0.677512 0.251464 -0.001855 0.611284 -0.477378 -0.744300 -0.182269 -0.672236 1.000000 0.864435
-0.454192 -0.768421 0.736482 0.428225 -0.360102 0.499229 -0.191916 0.414136 1.000000 0.742077
0.941663 0.291642 -0.059291 -0.775898 0.387739 -0.472446 0.749972 0.901921 1.000000 1.455853
-0.237585 -0.935822 -0.346856 -0.868049 -0.434908 -0.839998 -0.044687 0.491777 1.000000 1.251476
0.874272 -0.024734 -0.770808 0.897393 0.179342 -0.308824 -0.268794 0.590845 1.000000 0.723959
0.436718 0.311429 0.633333 0.127076 0.196739 0.337534 -0.529594 -0.938060 1.000000 1.181226
-0.085382 0.429395 0.640084 0.102372 -0.060178 0.372531 0.918766 0.031106 1.000000 1.101307
0.939667 0.483195 0.660762 -0.699285 0.834490 0.759666 0.073125 -0.874956 1.000000 1.426981
0.069053 -0.970326 0.039424 0.787392 -0.579387 0.617036 -0.590526 -0.010437 1.000000 0.548965
0.946168 -0.187919 0.056891 -0.838575 -0.331093 -0.450835 -0.158256 0.497758 1.000000 0.923350
-0.855368 0.894277 0.070697 0.723437 0.680918 -0.432182 -0.507311 -0.822051 1.000000 0.874028
-0.906945 -0.738109 0.080023 0.153274 0.776047 -0.842741 0.812550 -0.261794 1.000000 0.733959
0.438138 -0.431718 -0.241509 -0.297885 0.099989 -0.129452 0.606025 0.774127 1.000000 1.099537
-0.941587 0.494768 -0.009104 -0.154284 -0.881221 0.338358 0.033094 -0.610254 1.000000 1.333984
-0.416074 -0.579157 0.392896 -0.315512 -0.375791 -0.740426 0.268762 0.504392 1.000000 1.204794
0.264317 -0.310291 -0.694496 -0.997746 -0.306437 0.467920 0.757880 0.965934 1.000000 1.105594
0.613674 -0.185657 -0.353372 -0.103922 -0.882891 -0.114511 0.463529 -0.217214 1.000000 0.587747
-0.511311 0.374699 -0.958688 0.272302 0.150546 -0.039505 -0.858075 0.585440 1.000000 1.232043
-0.415704 -0.623223 0.882211 -0.452556 -0.516763 0.303455 -0.972084 -0.027249 1.000000 0.589362
0.801244 0.850653 -0.872599 -0.770357 -0.660021 0.457025 0.734577 0.755681 1.000000 1.277594
0.621868 0.349271 0.148068 -0.773933 0.691538 0.770273 -0.520422 0.869847 1.000000 0.900879
0.288459 -0.700226 -0.842429 0.317350 0.636772 -0.949656 0.846055 -0.157271 1.000000 1.272180
0.432107 0.899286 -0.890123 -0.909501 0.440428 -0.494721 0.031332 -0.738634 1.000000 1.094256
-0.032961 -0.946434 -0.529833 -0.056282 0.438414 0.444706 -0.449678 -0.690807 1.000000 1.290762
-0.191878 -0.796187 -0.049218 -0.731295 0.116701 0.775753 0.734418 0.133925 1.000000 1.329143
0.090561 -0.301675 -0.325139 -0.052536 0.400070 -0.756359 0.090774 0.670315 1.000000 1.123043
0.521763 -0.620003 -0.467065 0.890472 0.122174 -0.948141 0.911535 -0.502806 1.000000 0.867643
0.450003 0.123129 0.449597 -0.730293 0.650687 -0.676054 0.604803 0.252589 1.000000 0.738450
0.340051 -0.780673 -0.539847 0.154756 -0.559454 0.438733 -0.553157 -0.027673 1.000000 0.636432
0.134496 0.609768 -0.811742 -0.698013 -0.329134 0.217455 -0.938504 -0.986611 1.000000 0.776140
-0.766464 0.582754 0.954208 0.590341 0.561298 0.337746 0.238892 0.050894 1.000000 0.674891
0.612141 -0.310932 -0.384874 0.696352 0.166196 0.873072 -0.802517 -0.111711 1.000000 1.337788
0.637304 -0.138236 -0.850889 -0.115679 -0.059528 0.051720 0.663368 -0.693509 1.000000 0.706304
0.185312 0.112767 -0.644958 -0.469415 0.091110 -0.207155 -0.408963 0.774635 1.000000 0.883053
-0.928148 -0.150560 0.601540 -0.844603 -0.653945 0.504854 -0.689049 0.269857 1.000000 0.762894
0.992446 0.619333 -0.148590 0.373507 -0.439675 0.693295 -0.572887 -0.824307 1.000000 1.335396
-0.160470 0.685006 -0.859924 -0.993770 -0.875349 0.639901 0.426834 -0.857957 1.000000 1.424502
0.127423 -0.553342 0.129237 0.024905 -0.588731 0.990764 0.821840 -0.444813 1.000000 0.961728
-0.949540 0.994512 0.819723 -0.010385 -0.082974 -0.089323 0.919300 -0.289277 1.000000 1.259107
0.724039 0.378778 -0.634086 -0.960648 -0.380686 0.120736 -0.587752 -0.858305 1.000000 0.758118
0.553365 0.925242 0.756372 -0.998445 0.114639 0.158175 -0.764632 -0.061317 1.000000 0.759430
-0.887843 -0.682276 -0.686846 -0.872194 0.033598 0.124452 0.469804 0.822114 1.000000 0.974665
-0.979888 -0.206371 -0.922140 0.566489 0.837726 -0.516085 -0.078383 0.996145 1.000000 0.586657
-0.858914 -0.377198 0.205460 -0.122972 0.258490 0.817875 0.478246 0.038532 1.000000 0.974990
0.651027 -0.393202 0.033862 0.357229 -0.025594 -0.627403 -0.470288 0.520154 1.000000 1.389055
0.628729 -0.213196 0.677756 -0.964911 -0.834207 -0.960819 0.875855 -0.553376 1.000000 1.296906
-0.841074 0.939960 0.958062 -0.318298 0.627881 -0.315209 0.888224 -0.736867 1.000000 1.432581
-0.309884 0.998934 0.719758 0.332442 0.888330 0.924482 0.545373 -0.783842 1.000000 1.212822
0.536265 -0.930989 0.070624 -0.321788 0.504664 0.348113 0.488700 0.646562 1.000000 0.548057
0.054510 -0.687725 0.377112 -0.834891 -0.008589 0.257792 -0.376332 0.867632 1.000000 1.049004
0.704266 -0.655781 -0.821648 0.098468 0.909475 -0.845678 0.532610 0.680778 1.000000 1.004900
0.595850 -0.461609 0.628688 0.963894 0.118788 -0.023881 -0.142102 0.491277 1.000000 1.224042
-0.213792 0.252813 0.725533 -0.004312 0.476949 -0.329146 0.139278 0.221513 1.000000 0.608721
0.855633 -0.753443 -0.695258 0.943819 -0.263494 0.066519 0.464226 0.018329 1.000000 0.707439
0.895009 -0.312185 -0.106523 0.083195 -0.676737 0.201009 -0.323009 0.707112 1.000000 0.844043
0.667429 -0.804918 0.477866 0.534302 0.736483 -0.794957 -0.202529 0.173071 1.000000 0.943695
-0.737432 -0.837608 -0.352493 -0.918417 0.499411 -0.047683 -0.054195 0.918325 1.000000 1.101874
0.951353 0.587201 0.501127 0.732569 0.884469 0.300078 -0.869689 -0.372767 1.000000 0.749997
-0.418069 0.961703 -0.845069 0.541545 0.187534 -0.622977 0.520377 -0.073308 1.000000 1.351463
0.424803 0.454555 -0.409895 0.681663 0.044217 -0.770914 0.361477 -0.342520 1.000000 0.591279
0.524786 0.813326 -0.425098 0.483457 0.760687 -0.274513 -0.517052 0.344067 1.000000 0.725107
-0.933603 -0.515269 0.786809 -0.820571 0.421781 -0.779915 0.436530 0.122169 1.000000 0.612638
-0.668574 -0.548851 0.542537 0.756154 0.932454 -0.789263 0.544181 0.343099 1.000000 1.188372
-0.330843 0.877037 -0.668431 -0.953598 0.204481 -0.732874 0.514770 0.806525 1.000000 0.586649
0.720498 -0.986138 -0.994128 -0.548877 -0.656414 0.781805 0.812776 0.371100 1.000000 1.491262
-0.802237 -0.431124 -0.227332 0.141215 -0.836115 0.701502 -0.488454 -0.927698 1.000000 0.533580
-0.237223 0.049670 0.581885 -0.616113 0.622873 -0.856904 -0.428643 0.175627 1.000000 0.532205
-0.829530 -0.869454 -0.758599 -0.170404 0.044593 -0.962784 -0.625221 0.973054 1.000000 1.239317
-0.977507 0.896776 -0.461441 0.213622 -0.822176 0.514050 0.749563 0.300815 1.000000 0.527358
-0.334294 -0.537661 -0.810744 0.050236 0.263355 0.370304 -0.270660 -0.379042 1.000000 1.068575
0.677689 -0.188960 -0.575711 0.063318 -0.562040 0.660845 0.302359 0.607335 1.000000 0.581766
-0.354880 0.922729 -0.539167 -0.135642 -0.277025 -0.358824 0.115978 0.135090 1.000000 1.161080
-0.908911 -0.542616 -0.815650 0.746218 0.242148 -0.942902 0.295051 -0.942395 1.000000 1.146451
-0.802981 -0.513083 0.245180 0.839849 -0.872860 -0.693719 -0.381313 -0.407964 1.000000 0.810167
-0.336098 0.693782 -0.222088 -0.891752 0.940777 0.391505 -0.992634 -0.156259 1.000000 0.764893
0.793328 0.369733 0.910601 -0.345692 -0.181798 0.980529 -0.624404 0.785694 1.000000 0.643595
0.037575 -0.917449 0.231343 -0.751801 0.385409 0.072890 -0.431202 0.631490 1.000000 0.509537
-0.354879 -0.135163 -0.060118 0.194981 -0.641253 0.154483 -0.070826 -0.802953 1.000000 0.968164
0.114379 -0.211890 -0.500866 0.102401 0.004223 0.830222 0.642116 0.324820 1.000000 0.821302
0.273665 -0.522929 -0.233138 0.466616 -0.783243 0.225466 0.397524 0.577718 1.000000 1.096640
-0.513505 0.162028 0.760254 0.915439 -0.356575 -0.767722 0.631808 -0.055982 1.000000 1.078753
-0.043966 0.001585 0.591663 -0.365685 -0.252935 -0.998178 -0.332815 -0.873367 1.000000 0.977625
-0.933404 0.688099 -0.056451 0.427119 0.117934 -0.835507 -0.188673 -0.636239 1.000000 0.554735
0.322109 0.416364 -0.907000 0.772657 -0.219847 0.018490 0.787818 -0.516575 1.000000 0.633192
-0.483421 -0.368203 0.529624 0.649296 -0.346940 0.440332 0.557988 0.949242 1.000000 0.646434
0.820968 0.767015 -0.882781 0.926408 0.429714 -0.427581 -0.567487 0.310813 1.000000 0.788414
-0.102480 -0.144655 0.324879 0.221897 -0.115649 -0.074833 -0.378945 0.443091 1.000000 1.139977
0.615047 -0.341878 0.703090 -0.452014 0.980038 -0.123220 0.577600 0.361795 1.000000 0.929259
-0.448688 0.116079 0.249778 -0.406179 0.754675 -0.110494 0.872577 -0.971624 1.000000 1.489143
0.175156 0.482043 0.657519 -0.195472 0.549971 0.328693 -0.492177 -0.590580 1.000000 0.582044
-0.856688 0.841846 -0.529131 0.351293 0.688633 -0.844558 -0.831332 0.909406 1.000000 1.379946
-0.624333 0.793885 -0.965158 -0.498878 0.742218 0.308741 0.649873 0.867967 1.000000 1.498098
0.078493 -0.387120 0.137121 0.262421 -0.441744 0.394606 0.496659 -0.224329 1.000000 0.779215
-0.318990 0.221946 0.719297 -0.644243 -0.478002 -0.975301 0.241377 -0.466476 1.000000 1.061074
0.450926 0.260199 0.964145 -0.399301 -0.812994 -0.240888 0.503152 -0.535883 1.000000 1.121226
-0.414174 -0.474623 0.583885 -0.885707 0.808033 0.012682 0.896431 -0.932502 1.000000 0.586590
0.430070 0.578052 0.101967 0.480605 -0.905632 0.566055 0.368796 -0.869465 1.000000 1.144050
0.516511 0.508349 -0.252652 -0.039573 -0.153605 -0.791891 0.524940 0.311821 1.000000 1.091290
0.018744 -0.666322 0.773780 0.854144 -0.306298 -0.120524 -0.487688 -0.468742 1.000000 1.252658
-0.245381 -0.661171 -0.397075 -0.040602 0.834645 -0.780345 -0.146883 -0.050545 1.000000 1.015979
-0.366138 -0.203771 -0.764287 0.791308 0.129339 0.451218 0.840554 0.155076 1.000000 0.688072
0.384546 -0.835276 -0.902666 0.814288 -0.403142 0.762525 -0.873207 -0.277110 1.000000 1.132536
0.877137 0.951736 0.083545 0.042540 -0.504485 0.136732 -0.498354 -0.856838 1.000000 1.083017
0.358673 -0.308134 -0.057780 0.648136 0.276937 0.721857 -0.009963 -0.418081 1.000000 1.082779
-0.090079 0.437278 0.328056 0.579874 -0.182324 -0.528357 0.931162 0.227424 1.000000 0.962877
0.936784 -0.770818 -0.352237 -0.992092 0.884765 -0.648534 -0.928262 0.601396 1.000000 1.256736
-0.428335 0.069829 -0.840125 -0.707216 0.387679 -0.750758 0.671083 0.301461 1.000000 0.577242
0.537700 -0.036942 -0.542005 0.894869 0.690945 -0.330149 0.340405 -0.209940 1.000000 1.343285
0.241604 -0.643232 0.080922 -0.989787 -0.939662 -0.791055 -0.035157 0.876804 1.000000 0.918422
-0.846659 0.614716 -0.119502 -0.792788 0.191264 0.572810 -0.111503 -0.321611 1.000000 0.676219
-0.378538 0.628918 0.345263 0.033887 -0.197111 -0.790141 -0.198684 -0.277349 1.000000 0.968292
0.766881 -0.636286 0.056817 0.817062 0.955907 0.200695 0.999645 0.135649 1.000000 1.000854
0.200638 0.565289 0.734989 0.381880 -0.442726 -0.267689 0.628296 0.209244 1.000000 1.008752
0.966729 0.438386 0.734371 -0.744694 0.203534 -0.951653 -0.631498 -0.558420 1.000000 0.851278
0.677051 -0.337997 0.293188 -0.514821 -0.922415 0.467135 -0.713260 -0.044104 1.000000 1.063054
-0.543600 0.356650 0.756652 -0.417705 0.043151 -0.815415 0.473929 -0.564628 1.000000 0.657012
0.431030 0.681532 -0.992182 -0.085360 -0.141306 0.503916 0.413634 0.436053 1.000000 1.129367
-0.479784 -0.835703 0.519786 -0.524774 0.857810 -0.075224 -0.056979 0.401520 1.000000 0.939369
0.099805 -0.596844 -0.822755 -0.142053 0.794304 -0.523766 0.876976 -0.193837 1.000000 1.476267
-0.626950 -0.121585 0.141976 -0.840402 -0.376768 0.641295 -0.090516 -0.965430 1.000000 0.788382
-0.608893 -0.786389 0.551336 0.302205 0.476771 -0.744689 -0.420569 -0.008683 1.000000 0.718621
0.282651 -0.547273 -0.599691 -0.395043 -0.475113 -0.708996 -0.790340 -0.419975 1.000000 1.017940
-0.186329 -0.023075 -0.424248 -0.651716 -0.401697 -0.987033 -0.756080 0.135480 1.000000 1.049335
-0.455519 0.949047 -0.026110 -0.826986 -0.783961 0.252996 -0.977952 0.167882 1.000000 1.346662
-0.698256 -0.138739 0.567874 0.481056 0.454230 0.538433 0.163727 -0.998518 1.000000 1.359569
-0.660752 -0.521685 0.147089 0.733802 -0.721690 0.348047 -0.256999 0.672358 1.000000 1.046685
0.450789 -0.716377 -0.488064 -0.350416 0.790379 0.837565 -0.358493 -0.767227 1.000000 0.983924
-0.189966 -0.066164 -0.196375 -0.201886 0.403707 -0.917527 -0.602925 -0.423602 1.000000 1.365376
-0.123405 0.365392 0.157705 -0.943619 0.267006 -0.491101 -0.204240 -0.975016 1.000000 0.982394
-0.450126 -0.402578 0.349272 -0.949375 0.358948 0.403052 -0.601715 -0.340732 1.000000 1.066085
-0.082161 0.300922 0.351002 0.392355 -0.414853 -0.612472 0.509551 -0.241246 1.000000 0.546913
-0.350377 -0.354746 -0.041252 -0.611602 0.951959 -0.582682 -0.177498 0.915164 1.000000 0.839294
0.072064 -0.385312 0.396676 0.779483 -0.998407 -0.953795 -0.045183 0.946805 1.000000 1.015411
-0.077236 -0.669655 -0.883856 -0.076193 0.215018 0.731407 -0.352602 -0.723032 1.000000 1.422847
-0.180768 0.023215 0.131541 0.841346 -0.899924 0.558870 0.725729 -0.969422 1.000000 0.556212
0.218423 0.763121 -0.598718 0.115886 0.506007 0.654565 -0.501057 0.799968 1.000000 0.531877
0.499746 0.873820 0.961149 -0.925113 -0.759721 0.169438 -0.365586 0.146908 1.000000 1.379876
0.591551 0.476205 -0.389309 0.377640 0.979502 0.850446 -0.844450 0.785794 1.000000 0.587919
0.371971 0.455816 -0.203782 -0.824711 -0.289275 -0.928835 0.874244 -0.389378 1.000000 0.728456
0.696141 -0.519754 -0.680793 -0.879296 0.195390 -0.529655 0.666492 -0.220925 1.000000 1.196413
-0.058419 0.415833 0.131083 -0.484990 0.255936 -0.250477 -0.993875 -0.177038 1.000000 0.570239
0.227199 0.428809 -0.294119 0.764840 -0.045497 -0.388542 -0.304538 0.001865 1.000000 1.208370
0.804697 -0.397553 0.994119 0.573667 0.546948 -0.621854 0.698617 -0.344159 1.000000 1.021857
0.458906 -0.977978 -0.075781 0.864188 -0.598343 0.169369 -0.331037 0.866947 1.000000 0.657115
-0.381219 -0.514542 -0.364006 -0.882692 0.046602 0.551131 0.824997 -0.697817 1.000000 0.624065
0.999718 -0.287781 -0.192341 0.389445 -0.363457 0.671188 0.607634 0.141904 1.000000 0.685648
0.654008 0.525506 -0.327027 -0.673615 0.203005 -0.139174 0.914357 -0.253939 1.000000 1.228176
0.003819 -0.854941 -0.993262 -0.997672 -0.700466 0.851729 0.513567 -0.156051 1.000000 0.773773
-0.302723 0.003702 0.450739 -0.732513 -0.619540 -0.265574 0.076356 -0.946923 1.000000 1.138271
-0.218946 0.088461 0.008919 -0.883767 0.653002 -0.043042 -0.937355 0.143540 1.000000 0.622641
-0.704633 0.696226 -0.696605 0.364889 -0.015010 0.048290 0.169330 -0.738518 1.000000 0.684945
0.532725 -0.032923 -0.362637 -0.328112 -0.088254 0.716092 -0.138156 -0.514698 1.000000 1.180767
0.034258 0.504919 -0.108816 0.858901 0.365903 -0.441262 0.813862 0.614931 1.000000 0.559470
0.938276 0.024789 -0.495346 0.504003 -0.941607 0.790180 -0.096147 -0.908041 1.000000 1.172530
-0.104137 0.280936 0.197112 0.978828 0.615317 0.468025 0.493836 0.507385 1.000000 1.288468
0.237468 0.998201 -0.192392 -0.929310 -0.554115 -0.386503 -0.999320 0.341030 1.000000 0.901404
-0.856668 0.426899 0.543164 0.384909 -0.380921 0.835016 -0.703813 -0.865756 1.000000 1.179213
-0.148948 0.479786 0.909268 -0.218038 0.206667 0.728932 0.732864 -0.940722 1.000000 1.206276
0.258581 -0.260068 -0.160833 -0.714410 0.116001 -0.752038 0.727423 0.836432 1.000000 0.555385
-0.568831 -0.837644 -0.611417 -0.912914 -0.261026 -0.890252 0.451806 0.485364 1.000000 1.182066
-0.048649 0.147465 -0.149639 0.596942 0.616827 0.673171 0.778569 0.724717 1.000000 1.048601
0.219801 0.704682 -0.506936 0.891378 0.027901 -0.285692 0.725478 -0.338466 1.000000 1.003943
0.670672 0.812186 0.999850 -0.141536 0.815329 0.984800 0.749471 -0.499589 1.000000 1.332161
-0.945872 -0.037346 0.024671 0.672463 -0.627525 -0.684946 -0.677399 -0.248591 1.000000 1.304344
0.731655 0.099319 -0.284099 -0.294287 0.422248 0.652221 0.175194 -0.986773 1.000000 0.726458
-0.774292 0.052555 -0.622921 0.295926 -0.079736 -0.774787 0.675081 -0.910688 1.000000 1.033979
-0.059275 0.975962 0.154613 -0.689568 0.923514 0.198756 0.827638 -0.933253 1.000000 1.377425
-0.532265 -0.586594 0.276579 0.955617 -0.915766 -0.573676 0.173486 -0.741314 1.000000 0.805680
0.868891 -0.465695 -0.010003 -0.139540 0.190308 0.463811 0.793158 0.372694 1.000000 1.406222
-0.706992 0.989882 -0.021660 0.289077 -0.933887 -0.038626 -0.393263 -0.695399 1.000000 1.173244
-0.042986 0.994736 -0.936093 -0.507817 -0.623484 0.979761 0.843379 -0.489310 1.000000 1.334749
-0.662267 -0.711186 0.651014 -0.932796 -0.492597 -0.611500 -0.542171 0.102266 1.000000 0.562566
-0.366830 -0.100116 -0.949746 0.363766 0.178542 -0.845153 -0.005182 0.398140 1.000000 0.550580
-0.247602 0.539092 -0.943947 0.501355 -0.391620 -0.090295 0.373175 -0.167618 1.000000 0.760347
0.127175 -0.168967 0.207077 0.143718 -0.092655 -0.551746 0.934960 0.240644 1.000000 1.052939
0.990947 -0.825281 0.550045 0.399001 0.659767 0.178452 -0.678885 -0.740081 1.000000 1.489703
0.905015 -0.377685 0.964931 0.548811 -0.167049 0.734794 0.327645 -0.957751 1.000000 1.351962
-0.570525 0.258891 0.754181 -0.780699 0.236294 0.853197 0.960912 0.969162 1.000000 0.912671
-0.020910 -0.009499 -0.333987 0.618581 0.706697 0.263309 0.351868 0.900710 1.000000 1.239803
-0.063452 0.621474 0.932084 0.196042 -0.652456 -0.465322 0.235355 0.215159 1.000000 1.284517
-0.852503 -0.132703 0.112169 0.881521 -0.709076 -0.102088 0.640965 0.390937 1.000000 1.267824
-0.641453 -0.690369 -0.287124 0.987736 0.593869 0.172312 0.187050 0.858519 1.000000 0.626530
0.841043 0.573722 -0.162607 0.698724 -0.562605 0.786986 0.774738 -0.420645 1.000000 0.766449
-0.544355 0.822747 0.804106 0.538838 -0.438425 -0.439647 0.678710 -0.419599 1.000000 0.678250
-0.486692 -0.749094 -0.467643 -0.935151 -0.294672 -0.675293 -0.502372 -0.968534 1.000000 1.317782
0.332165 0.983780 0.773758 0.628457 -0.056513 0.513037 0.571621 -0.761937 1.000000 1.114492
0.913311 0.395859 0.601941 0.432936 -0.899323 -0.161304 -0.094240 -0.584865 1.000000 0.591917
-0.171403 -0.454686 0.903466 0.317111 -0.413332 -0.138805 0.650593 0.172632 1.000000 0.516718
-0.605650 -0.914846 0.604586 0.593062 -0.239009 0.082697 0.177736 -0.727050 1.000000 1.197343
0.492930 0.078664 -0.611260 -0.644949 0.187407 -0.669881 -0.777280 -0.603036 1.000000 1.130767
-0.448854 -0.927699 0.280727 -0.499738 -0.616767 0.057190 0.638499 0.362376 1.000000 1.130251
-0.399685 -0.114599 -0.335836 0.527366 -0.191743 -0.966922 0.938480 -0.687852 1.000000 0.890788
-0.368559 -0.882458 -0.578130 -0.079434 0.531203 0.159810 0.875177 -0.972196 1.000000 1.344476
0.505217 0.416990 -0.158644 -0.927325 -0.107510 0.448977 -0.513896 0.479190 1.000000 1.194595
0.349278 -0.103703 0.038442 0.534624 -0.920659 -0.544614 0.644420 -0.123057 1.000000 1.185016
0.221059 -0.047322 -0.226801 -0.653763 0.463881 0.490604 0.617789 -0.738551 1.000000 0.778759
-0.062349 -0.203135 -0.482833 -0.582754 -0.342239 -0.698352 -0.731890 0.227318 1.000000 1.038845
0.457374 0.837220 -0.709134 0.080067 0.650980 -0.840337 -0.325294 -0.509863 1.000000 1.338988
0.855440 -0.034189 -0.516898 -0.737485 0.215987 -0.124259 -0.603095 -0.866119 1.000000 0.546417
0.871556 -0.111719 0.316015 0.156338 -0.949166 -0.521141 0.593844 0.058497 1.000000 1.469934
-0.667528 0.438257 -0.757095 -0.060892 -0.104527 0.069862 0.889968 -0.376640 1.000000 1.132813
-0.252294 -0.559881 -0.877479 -0.211589 0.290104 -0.199033 -0.236796 0.785226 1.000000 1.031213
-0.656477 -0.388204 0.476703 0.961332 -0.827355 0.335946 -0.404739 0.955698 1.000000 0.634279
-0.635755 0.033666 -0.482362 0.164115 -0.906218 -0.240372 0.913814 -0.613544 1.000000 1.157887
-0.100782 0.191483 0.130925 -0.603386 -0.983101 -0.875584 0.590933 -0.427701 1.000000 1.291373
0.093429 0.296692 0.219446 0.868919 0.054563 -0.893735 0.122770 -0.939922 1.000000 1.243623
0.017363 -0.370449 -0.193518 -0.906450 0.820117 0.052278 0.500860 0.404059 1.000000 0.570600
0.864179 0.624514 0.640783 -0.844123 -0.599052 -0.261813 -0.221400 0.904317 1.000000 0.960314
0.571569 -0.823271 0.000575 -0.964788 -0.863291 -0.705209 0.689118 0.563292 1.000000 1.135749
0.124539 -0.946638 -0.818516 -0.103854 0.530514 0.986443 -0.928398 0.909718 1.000000 1.000950
0.230601 -0.963130 -0.583906 -0.106674 -0.345140 0.067721 -0.220478 0.289230 1.000000 0.665792
-0.072630 -0.692259 0.501123 0.644741 -0.379202 -0.991254 -0.549693 -0.332847 1.000000 0.868055
0.805128 -0.361243 -0.851347 -0.484044 -0.961285 0.153151 0.121709 0.812889 1.000000 1.031045
0.726260 -0.690213 0.138791 0.735356 0.328347 0.304983 0.498853 -0.367640 1.000000 1.250977
0.700808 0.959087 0.154202 -0.697154 0.330201 0.668414 -0.019778 -0.704052 1.000000 0.844358
-0.645934 0.896701 0.147272 0.732134 -0.453615 -0.891370 0.503777 0.593509 1.000000 0.896500
-0.919011 0.415929 0.365353 0.714810 0.754336 0.230272 0.183146 -0.726983 1.000000 1.146799
-0.383508 -0.094217 0.080695 -0.771816 0.805063 0.672223 -0.571412 -0.888395 1.000000 1.439045
-0.977965 0.816444 0.802022 0.809476 -0.464889 0.337156 -0.774440 0.507001 1.000000 0.578215
0.962007 -0.581877 -0.541026 -0.214739 0.851574 0.588578 0.310920 0.338343 1.000000 0.620906
-0.632553 0.719868 -0.995629 -0.990723 -0.143665 -0.245243 -0.700465 0.632998 1.000000 1.494582
0.039783 0.357093 -0.724500 -0.935676 0.044762 0.329982 -0.666023 -0.643150 1.000000 1.077306
-0.390999 -0.700464 0.019468 0.282637 -0.132707 0.845067 -0.324790 -0.722259 1.000000 0.877075
-0.947470 -0.085313 0.475007 -0.860609 -0.825993 0.096881 -0.005725 -0.849177 1.000000 0.512656
0.961401 -0.341250 -0.096908 -0.594049 0.867112 0.598657 0.385169 -0.012518 1.000000 1.416559
0.714008 -0.580639 -0.048124 0.279222 -0.310317 -0.117758 0.502036 0.710737 1.000000 0.609524
-0.055792 0.751308 0.072733 0.610762 -0.789594 0.314685 0.926115 0.989926 1.000000 0.514878
0.655698 0.394256 -0.551996 -0.331537 0.688376 -0.221315 0.042346 -0.741213 1.000000 1.132858
-0.521514 -0.272693 0.156230 -0.429938 -0.807474 -0.647309 -0.757500 0.868073 1.000000 1.126045
-0.051587 -0.741076 -0.969565 -0.347886 -0.269580 0.232548 -0.393123 0.732599 1.000000 1.450904
0.946136 -0.673722 -0.429493 0.446392 0.152103 -0.082565 0.484491 0.175067 1.000000 0.891849
0.388088 0.738438 0.465054 0.970156 -0.370485 0.854265 -0.412620 -0.587141 1.000000 1.368358
-0.981403 0.765048 -0.098950 0.658576 0.829581 0.800501 0.385538 0.741558 1.000000 1.243008
0.146050 0.239349 0.972384 -0.549218 -0.084537 -0.085169 0.979960 -0.180319 1.000000 0.664953
0.057168 -0.614743 -0.713156 0.758143 0.915675 0.971278 -0.124173 0.466856 1.000000 0.903139
-0.886630 0.593489 -0.077617 -0.170914 -0.318478 0.714368 -0.301802 -0.894695 1.000000 0.827908
0.008327 0.244368 -0.365446 -0.679030 0.300682 -0.082775 -0.678742 -0.868926 1.000000 0.545045
0.656232 0.687295 -0.614779 -0.047049 0.927298 0.514900 0.448719 -0.265494 1.000000 1.212862
0.468540 -0.293173 -0.697752 -0.931199 0.935339 0.289263 0.035212 -0.107935 1.000000 1.129852
-0.654974 -0.250916 0.964538 0.995708 0.782353 0.367392 -0.169499 0.940427 1.000000 1.450178
0.653263 0.728623 -0.859088 -0.741044 0.326800 0.130772 0.808633 0.858611 1.000000 0.739437
-0.836088 0.915762 -0.148190 0.199197 0.621700 0.793561 -0.198841 0.320841 1.000000 1.256115
-0.721910 0.220370 0.702473 0.313982 0.559296 -0.022415 -0.282901 0.164559 1.000000 0.797658
-0.138229 -0.070609 0.959740 -0.149741 -0.203454 0.566126 0.601604 -0.997953 1.000000 0.909886
0.566665 -0.445485 0.158194 0.052722 0.885456 -0.362220 -0.230390 -0.949178 1.000000 1.285065
-0.125068 -0.855122 -0.104392 0.755380 0.715202 0.160631 0.331446 0.435558 1.000000 0.904296
0.408743 -0.215257 -0.240991 0.545991 0.528747 -0.014025 0.339400 -0.323467 1.000000 1.346303
0.691615 0.920320 0.283107 -0.602165 -0.596064 -0.410153 -0.349023 -0.509017 1.000000 1.291659
0.523101 -0.080844 -0.627748 -0.763477 0.783011 -0.449250 -0.453338 0.659962 1.000000 0.778281
0.500788 0.433008 -0.085677 0.272766 0.077267 -0.409948 -0.384941 -0.090971 1.000000 0.726584
-0.588706 -0.524116 0.359545 0.898178 0.688285 0.322639 0.031347 -0.228932 1.000000 1.413476
0.134757 -0.666248 0.338593 -0.646065 0.576578 -0.361340 -0.698393 0.215447 1.000000 0.774853
0.916390 -0.848953 -0.784703 0.405057 0.389413 -0.020307 0.588807 -0.971838 1.000000 1.165133
0.757690 0.523293 -0.511880 -0.066193 -0.018913 0.703105 0.133690 -0.213181 1.000000 0.981501
-0.233566 -0.900185 -0.487360 0.245701 0.102345 0.600309 -0.043621 -0.659501 1.000000 0.794515
-0.546301 0.325591 0.932275 0.064951 -0.414347 -0.859174 0.158674 -0.184167 1.000000 0.560639
0.052501 0.894751 -0.530863 0.469176 0.709724 0.444493 0.684010 0.375762 1.000000 0.724743
-0.779278 0.007713 0.280166 -0.198239 0.635981 0.437085 -0.202621 0.804122 1.000000 1.153707
0.393645 0.677005 -0.334597 0.639472 0.149623 -0.930254 -0.558048 0.733665 1.000000 0.772828
-0.348434 0.801038 0.271755 0.522145 -0.568342 -0.360886 -0.715941 0.882962 1.000000 1.292188
-0.789091 -0.990653 -0.279443 -0.572311 0.847140 -0.333617 -0.120558 -0.561370 1.000000 1.298691
-0.364279 0.628527 0.132614 0.764420 -0.435346 -0.652755 0.059725 -0.152095 1.000000 0.830095
-0.797788 0.517226 -0.153179 -0.614358 -0.559853 -0.249439 -0.290947 0.572191 1.000000 1.167179
-0.439269 0.142238 0.740930 0.198198 0.735458 -0.433696 0.927302 0.003201 1.000000 0.516604
0.633150 -0.110095 0.041428 -0.830893 -0.386414 -0.713430 0.327808 -0.373132 1.000000 1.351119
0.046825 0.330301 0.958528 0.717166 0.148454 -0.378852 0.119886 0.257516 1.000000 0.512179
-0.512665 -0.733539 -0.029407 0.619632 0.072762 -0.597890 0.478050 -0.556547 1.000000 0.916886
-0.601099 -0.177404 -0.765639 0.575176 0.358121 -0.143383 -0.607615 0.487698 1.000000 0.982804
0.817191 -0.108721 -0.876065 -0.211246 0.592126 0.995572 0.601092 -0.448927 1.000000 1.275998
0.962047 0.367744 -0.452901 0.807461 -0.620575 0.724333 0.359095 0.527994 1.000000 1.004023
0.555855 0.322911 -0.853864 0.767056 0.868622 -0.108590 -0.484083 0.496383 1.000000 1.496749
0.600263 -0.440340 0.710485 -0.353355 -0.068249 -0.301954 -0.594012 -0.842880 1.000000 0.857266
0.713115 -0.220641 -0.309217 0.415398 0.142244 0.110806 0.485112 -0.852911 1.000000 0.769807
0.380611 -0.366820 -0.801420 -0.847611 0.400692 0.681592 -0.496733 -0.711461 1.000000 1.073355
0.199137 0.201137 0.756943 -0.484287 0.102714 0.170786 0.883605 0.617271 1.000000 1.109741
-0.393261 0.956300 -0.781098 0.996297 -0.049770 -0.122794 -0.481661 0.820873 1.000000 0.657193
0.806874 -0.038087 0.043523 0.019002 0.945062 -0.446550 -0.472905 0.920871 1.000000 1.412756
0.713494 0.867505 -0.320220 0.405025 -0.894682 -0.961924 0.659431 0.232520 1.000000 0.751548
-0.059593 0.892324 0.797022 0.975031 0.109162 -0.750359 0.125005 0.509211 1.000000 0.830477
0.760483 -0.369355 0.373408 -0.327254 0.396119 0.374942 -0.251665 -0.647821 1.000000 1.209942
-0.116341 0.395207 0.246056 0.484277 -0.175937 -0.174116 0.309791 -0.861751 1.000000 0.801032
0.014768 0.688236 -0.460470 0.758799 0.376042 -0.717932 0.444098 0.653702 1.000000 1.345649
0.810182 0.553123 -0.950731 -0.114098 -0.074939 0.113071 0.513879 0.573855 1.000000 0.717455
0.886240 0.256665 -0.465149 -0.126527 -0.955107 -0.026382 -0.763259 0.420247 1.000000 0.545845
-0.041146 -0.082487 -0.152610 -0.424664 0.033835 0.528985 -0.340129 -0.957625 1.000000 0.956814
-0.147247 0.777757 -0.105219 0.473147 0.880013 -0.173089 -0.435685 -0.283322 1.000000 0.789756
0.070691 0.436005 -0.949679 0.783062 0.891694 -0.472279 -0.401419 -0.316207 1.000000 1.373403
-0.872217 0.942157 -0.818516 -0.072548 0.956394 -0.083026 -0.295722 0.413603 1.000000 1.124001
-0.292017 0.532736 -0.688544 0.400178 -0.330821 0.762981 0.846627 0.883048 1.000000 1.295882
-0.064021 0.688791 -0.154874 -0.476311 -0.525757 0.700373 -0.243797 -0.489534 1.000000 0.974016
-0.084791 0.902863 -0.296592 0.371424 0.453820 -0.971722 -0.321717 0.791481 1.000000 0.577926
0.126419 -0.260698 0.364641 -0.082642 0.999783 0.747433 0.479210 0.845071 1.000000 0.737213
-0.373194 -0.307458 0.929150 -0.381107 0.856989 -0.812277 0.892498 -0.773987 1.000000 1.193448
0.168264 -0.078733 0.291286 0.960933 -0.397744 -0.063997 0.529329 0.188935 1.000000 0.523331
0.728753 -0.447149 -0.884280 0.638653 -0.928746 -0.471392 -0.122279 -0.492499 1.000000 0.915556
-0.960487 -0.646726 -0.076802 0.881140 -0.569251 0.826723 -0.482931 0.712714 1.000000 0.647361
0.478603 0.619874 0.781028 0.815402 0.392215 0.835620 0.904573 0.383596 1.000000 0.908542
0.186271 0.832746 0.653173 -0.716467 0.902221 -0.194517 0.730730 0.687988 1.000000 1.111776
0.962083 -0.737433 -0.855093 0.427914 0.732450 0.291399 -0.791926 -0.834574 1.000000 1.113186
0.158921 0.232260 -0.082057 0.976634 -0.260233 0.944607 0.650432 0.493232 1.000000 0.553999
0.410265 -0.977245 0.589515 0.073227 0.718491 0.333058 0.928008 0.016244 1.000000 1.178391
0.188865 0.685304 0.516358 0.309710 -0.956324 -0.715128 0.105717 0.478054 1.000000 0.739037
0.127625 -0.421682 -0.934436 -0.400488 0.887077 -0.458000 0.489933 0.908172 1.000000 0.704126
-0.034159 -0.169331 -0.483608 0.045426 0.926697 0.860981 -0.561398 0.136023 1.000000 0.746957
0.437225 0.017448 0.922520 -0.014021 0.811418 -0.433987 0.071416 0.215391 1.000000 0.727998
0.987610 0.737798 -0.847184 -0.351664 -0.684493 0.617590 0.068146 0.505840 1.000000 1.122408
-0.970979 0.466743 0.973480 -0.661246 0.254669 0.537648 0.592562 -0.142984 1.000000 1.038701
0.566550 -0.700461 -0.952706 0.522200 -0.733109 0.721926 0.661933 -0.227467 1.000000 0.586738
0.611762 0.164500 0.289291 -0.413723 0.780619 -0.808236 -0.507543 -0.356576 1.000000 1.067134
-0.681665 -0.769132 -0.751245 0.172026 0.673787 -0.275227 0.764418 -0.998170 1.000000 0.672059
0.260001 -0.586228 0.030490 0.378989 -0.307979 0.400670 0.475969 -0.909812 1.000000 0.726912
-0.717793 0.885872 -0.915074 0.027261 -0.116977 -0.594439 -0.724697 0.542521 1.000000 1.068826
0.357817 0.132141 -0.736092 -0.973486 -0.123653 -0.709844 -0.012120 0.828514 1.000000 0.915894
-0.542955 0.815105 -0.588730 -0.474388 -0.315860 -0.019392 -0.472706 -0.429776 1.000000 1.019160
-0.677370 0.992695 -0.277837 -0.852695 0.000796 -0.114033 0.117844 0.184261 1.000000 0.779949
0.335738 -0.490603 -0.672116 -0.679631 -0.114820 -0.372597 -0.124431 0.406993 1.000000 0.737546
0.909779 0.642179 -0.390913 0.436088 0.818455 -0.277579 0.007895 0.993802 1.000000 1.255416
-0.130266 0.781515 0.320902 0.541971 -0.665985 -0.648775 0.473248 0.752746 1.000000 0.824021
-0.936131 0.574466 0.313621 0.144172 0.917341 0.363648 -0.122272 -0.416436 1.000000 0.609169
-0.605662 0.685779 0.424231 0.463347 -0.867140 -0.303162 0.948201 -0.912273 1.000000 0.950259
0.900928 0.570915 0.286442 0.419626 -0.877814 -0.764133 -0.912462 0.537413 1.000000 0.709277
0.166324 -0.066218 0.214615 -0.985998 -0.906289 -0.643853 0.222734 0.081665 1.000000 0.992863
0.616683 -0.232715 0.735929 0.255419 0.616961 -0.024235 -0.054083 -0.854054 1.000000 0.702186
0.064828 -0.854085 0.241627 -0.665210 0.469101 0.950879 0.520089 0.698879 1.000000 0.632289
0.256978 -0.166403 0.065105 -0.624449 -0.370943 0.934817 0.534825 0.460763 1.000000 0.784923
0.977982 0.679130 -0.500061 -0.425661 0.637167 0.010905 0.579207 -0.636719 1.000000 1.102685
0.298175 0.470682 -0.449397 0.125919 0.949952 -0.333793 -0.806987 0.026985 1.000000 0.911339
0.211700 -0.781386 0.945892 -0.833098 -0.492059 -0.596143 -0.399293 -0.054407 1.000000 1.326212
0.491361 -0.434108 -0.542363 0.469673 0.678592 0.649345 -0.488505 -0.156451 1.000000 1.217368
0.024318 0.400027 -0.033766 0.278604 -0.636991 -0.994176 -0.124753 -0.437907 1.000000 1.106154
-0.383422 -0.870964 -0.439102 0.769682 -0.796817 0.907606 0.845791 0.970176 1.000000 1.016727
0.151140 0.662536 0.127605 0.608344 0.571405 0.842868 -0.937540 0.088086 1.000000 1.430392
-0.594452 0.356278 -0.477276 -0.302266 -0.518709 0.826728 0.812144 0.505860 1.000000 1.052309
-0.319668 -0.624883 0.179760 0.160622 -0.038298 -0.681135 -0.434346 -0.778500 1.000000 0.967682
-0.987757 -0.237594 0.914378 0.214201 0.695337 0.348795 -0.166134 -0.692813 1.000000 0.760322
-0.946365 -0.289774 -0.587738 -0.189510 -0.732189 -0.849340 -0.415170 -0.104681 1.000000 1.469003
-0.389575 -0.168990 -0.622847 -0.074523 0.020387 0.105924 -0.072680 0.458008 1.000000 1.280747
-0.121741 0.051641 -0.707259 0.851126 -0.030336 0.051985 0.894730 -0.422213 1.000000 0.926440
0.957576 -0.304588 0.711785 0.452074 -0.544405 -0.506357 -0.124466 0.196184 1.000000 1.392028
-0.856575 0.896170 0.039614 -0.600277 0.630573 0.590069 0.310989 0.617653 1.000000 1.015896
-0.549945 -0.672759 -0.792034 0.777315 0.594562 0.678782 -0.669757 -0.417994 1.000000 1.422714
0.391816 -0.735383 0.609773 0.106132 0.412147 -0.412114 0.733125 -0.782081 1.000000 0.700037
0.811992 -0.217982 -0.310761 0.351623 0.650901 0.160898 -0.570295 -0.071405 1.000000 0.882662
-0.782241 0.057769 0.560137 -0.213517 -0.701238 -0.719186 -0.188916 -0.256653 1.000000 1.310979
-0.024520 0.562677 0.708365 0.414449 0.357971 0.433572 0.857899 0.861598 1.000000 0.967027
0.209761 0.948006 0.431866 -0.138832 0.842237 0.414625 0.285247 0.482521 1.000000 1.198975
0.908242 0.215536 -0.153099 -0.952723 0.418217 0.647021 -0.049182 0.104234 1.000000 1.219213
-0.174688 -0.161259 0.627781 0.549524 0.266869 0.421007 -0.708419 -0.536096 1.000000 1.104972
0.151566 -0.130470 0.215683 0.441519 -0.100005 -0.740100 -0.279888 -0.231161 1.000000 1.290774
0.569120 -0.873954 0.797161 0.731191 -0.125266 -0.779908 -0.720166 -0.344632 1.000000 1.202011
0.176254 0.630382 -0.902485 -0.838223 -0.512407 0.502641 -0.696865 -0.952864 1.000000 0.564902
-0.176633 0.795655 0.487321 -0.233019 0.487093 0.240697 -0.502159 -0.481894 1.000000 1.104377
0.126458 -0.364861 -0.300242 -0.571204 0.325479 0.805895 0.259347 0.708950 1.000000 1.331259
0.725354 0.558452 0.940039 0.151929 -0.468193 0.195364 -0.337214 0.658928 1.000000 1.035658
0.331738 -0.342061 0.239431 0.589931 0.643015 0.820673 -0.014496 0.857239 1.000000 0.706042
0.125976 0.317602 -0.876628 -0.864400 -0.844098 0.731601 0.983089 0.186139 1.000000 0.962149
0.740315 0.141619 -0.332419 -0.037997 -0.283833 -0.277346 -0.063191 -0.955835 1.000000 0.726783
-0.400653 0.131642 0.151023 0.063047 -0.164894 -0.289795 0.357589 0.641501 1.000000 0.735826
0.531991 0.650296 -0.946865 0.273339 0.026361 0.876355 -0.898795 -0.167517 1.000000 0.595071
0.302521 0.607985 -0.439101 -0.373516 -0.941123 0.488531 -0.811521 0.508159 1.000000 1.265533
-0.097481 -0.980197 -0.269767 0.330229 -0.060638 -0.742353 -0.698590 0.900402 1.000000 0.813631
-0.341715 -0.278458 -0.969600 -0.360517 -0.489898 0.713244 0.029554 0.486578 1.000000 0.761691
-0.739316 0.711151 0.367957 0.839564 -0.085461 -0.858435 -0.986063 0.805669 1.000000 1.047746
0.205975 -0.634736 0.465914 0.388991 -0.852371 0.227526 0.364677 -0.749674 1.000000 0.958958
-0.264950 -0.007324 0.846361 0.608107 0.403781 -0.137536 -0.172854 0.427928 1.000000 0.726900
-0.389511 0.198410 -0.025814 -0.861113 -0.822190 0.570113 -0.824586 -0.394653 1.000000 0.857952
-0.947329 0.886498 -0.509532 0.242908 -0.580804 -0.185678 0.498974 0.607554 1.000000 0.505597
-0.602604 0.995026 0.609920 -0.054930 -0.952016 -0.224384 0.917201 0.622313 1.000000 0.799615
0.405856 0.098197 -0.535960 -0.982533 0.373812 -0.050244 0.432585 0.605371 1.000000 0.967567
0.870655 0.957968 0.630360 0.145532 0.400474 -0.352510 -0.268605 0.069051 1.000000 1.451008
-0.360798 -0.218257 -0.247344 -0.035617 -0.978639 -0.260322 0.753079 0.442563 1.000000 0.605346
0.715536 0.521270 -0.909226 -0.902936 -0.858040 0.288921 0.297007 -0.508822 1.000000 0.802711
-0.590535 0.779290 0.138230 0.726873 -0.015567 0.734091 0.634997 0.909326 1.000000 1.471550
-0.204411 -0.739392 0.034669 -0.793169 -0.631847 -0.139284 -0.192003 -0.327964 1.000000 1.398762
-0.311008 0.860589 0.567862 -0.134076 -0.849481 -0.217802 0.787543 0.544952 1.000000 0.874102
0.896610 0.363456 -0.781997 -0.962268 0.145374 0.445126 0.063354 0.781395 1.000000 0.648412
0.853355 0.573581 0.774510 0.400650 -0.302209 -0.365096 -0.087757 -0.276796 1.000000 0.967544
0.502491 0.130953 -0.321085 -0.726214 -0.112701 -0.294100 -0.700734 0.630145 1.000000 0.533795
0.431000 -0.792447 -0.624905 0.596995 -0.141519 -0.644941 0.481507 0.193806 1.000000 0.830138
-0.420399 -0.281373 0.596255 -0.806256 0.092668 0.852057 0.351896 -0.174187 1.000000 1.186944
-0.728946 0.993890 -0.985776 -0.118862 -0.308686 -0.869354 0.865677 -0.257053 1.000000 1.128252
0.975147 -0.835749 0.482788 0.316751 -0.658439 -0.519119 -0.128151 -0.598946 1.000000 0.739073
0.055957 -0.094259 0.041320 0.073531 -0.000336 0.122292 0.788962 -0.275319 1.000000 0.588522
-0.705556 -0.679842 0.005122 -0.091068 -0.867686 -0.967442 -0.935047 -0.761817 1.000000 1.194915
-0.209832 -0.472736 0.261693 -0.926970 0.119610 -0.689036 -0.538108 -0.793994 1.000000 1.191518
-0.369842 0.041682 0.497123 0.772483 0.038130 -0.769108 -0.661945 0.935017 1.000000 0.923313
-0.631817 0.365837 0.421951 0.161096 0.912769 -0.931221 -0.147757 -0.936255 1.000000 0.874456
0.327888 -0.066523 -0.894135 0.271009 -0.230275 0.289183 -0.881258 0.248563 1.000000 1.172876
-0.074732 -0.363301 -0.236688 0.770413 0.597998 0.001100 -0.377421 -0.843682 1.000000 1.411701
0.329302 -0.302469 -0.326045 -0.050201 0.363890 0.072383 0.864823 0.844613 1.000000 0.979609
0.268863 0.153545 0.092733 0.887679 -0.613285 -0.982873 -0.333268 -0.460639 1.000000 1.429451
-0.193398 0.878372 0.541498 -0.071682 -0.467075 -0.526108 -0.578661 0.042372 1.000000 0.960324
-0.352365 0.298781 0.439170 0.644471 0.932246 -0.908128 0.940693 0.827286 1.000000 0.655575
-0.344001 -0.786347 0.395328 0.105593 -0.302338 -0.715340 0.911901 0.620409 1.000000 0.654186
-0.883136 0.693226 0.888355 -0.562540 0.900609 0.231827 0.891995 -0.223459 1.000000 0.898443
-0.083474 -0.638409 0.246882 -0.789163 -0.391004 0.940306 0.216986 0.909993 1.000000 0.747565
-0.064974 -0.157175 0.015306 -0.710450 -0.985587 -0.451689 -0.905695 0.623497 1.000000 1.245100
-0.108822 -0.151764 0.036158 0.418249 -0.987032 0.723190 0.020189 0.881007 1.000000 1.067485
-0.949375 -0.044160 -0.296797 0.924597 -0.070447 0.588415 -0.454271 -0.639049 1.000000 1.209297
-0.372819 -0.276998 0.781627 0.438264 0.636098 -0.372975 -0.511559 0.753981 1.000000 1.322940
0.007593 0.361179 0.597267 -0.739085 -0.856085 0.358995 0.999276 0.586414 1.000000 1.330660
0.602594 -0.094754 -0.661757 -0.745053 -0.444664 0.988966 -0.401678 -0.693629 1.000000 0.648639
0.216989 -0.056255 -0.090284 -0.989845 0.133348 0.668670 0.130557 -0.299592 1.000000 0.882206
-0.951418 0.687687 -0.366705 -0.780089 -0.581171 -0.999598 -0.423078 0.490637 1.000000 1.091859
-0.497227 -0.103479 -0.425954 0.276332 -0.339304 0.861289 -0.105855 -0.408653 1.000000 0.650917
-0.801733 -0.508346 0.012033 -0.666349 0.603330 -0.959499 0.814927 -0.563436 1.000000 0.732337
0.114236 0.628925 0.182431 -0.922002 0.348918 -0.125560 -0.856927 -0.698911 1.000000 1.189200
-0.512566 -0.637019 -0.276200 0.892799 -0.412354 0.843997 -0.869124 0.209714 1.000000 1.255561
0.340223 -0.117887 -0.621871 0.760812 0.635129 -0.161748 0.099137 0.718149 1.000000 0.583315
-0.742800 0.209759 -0.908807 -0.505476 0.218712 -0.621475 -0.699515 0.240967 1.000000 1.182308
0.877900 0.500602 0.037646 -0.436825 -0.590919 -0.711185 0.388924 0.593620 1.000000 0.744972
0.109459 0.407894 -0.302971 0.138873 -0.681221 -0.704187 -0.272228 0.929407 1.000000 1.027984
-0.923750 0.494925 0.961075 0.233104 -0.372128 0.180696 0.278353 0.620412 1.000000 0.671452
-0.037921 0.939913 -0.936685 0.853861 0.674870 0.208840 0.812217 0.446375 1.000000 0.726827
0.525011 -0.650298 -0.628981 0.894793 0.711083 0.328397 0.167063 -0.245302 1.000000 0.782387
