# epochs mean_loss std_loss mean_test_loss std_test_loss mean_loss_grad std_loss_grad mean_test_loss_grad std_test_loss_grad
0.000000 3.125104 0.013078 3.122369 0.013011 3.126316 0.007478 3.123591 0.007427
1.000000 2.315627 0.050625 2.316442 0.050967 2.363400 0.100909 2.362239 0.100601
2.000000 0.762066 0.055686 0.763700 0.057601 0.450391 0.123210 0.448066 0.122568
3.000000 1.759434 0.288443 1.724314 0.287068 3.209835 1.604080 3.183750 1.594872
4.000000 0.454379 0.057620 0.445649 0.057998 0.335737 0.199962 0.332799 0.201720
5.000000 0.362257 0.039927 0.359532 0.039795 1.131312 0.290598 1.132993 0.290555
6.000000 0.506084 0.051838 0.504443 0.051567 1.354739 0.454113 1.354141 0.454679
7.000000 0.503513 0.055706 0.502462 0.055382 0.966282 0.425957 0.966619 0.427245
8.000000 0.384153 0.053088 0.383634 0.052963 0.632023 0.334131 0.633518 0.335024
9.000000 0.229348 0.039858 0.229034 0.039593 0.398779 0.169868 0.397808 0.170690
10.000000 0.125183 0.020224 0.124303 0.020213 0.342731 0.082032 0.338322 0.080679
11.000000 0.132164 0.018784 0.130635 0.019039 0.375210 0.128710 0.369442 0.126387
12.000000 0.169152 0.022603 0.167629 0.022280 0.294600 0.098660 0.290656 0.097442
13.000000 0.159862 0.032543 0.158688 0.032153 0.231473 0.077331 0.229254 0.076859
14.000000 0.097688 0.019523 0.097354 0.019231 0.216042 0.067206 0.214658 0.066958
15.000000 0.078295 0.016537 0.078286 0.016315 0.183724 0.055973 0.182771 0.056110
16.000000 0.090075 0.007588 0.089679 0.007453 0.147900 0.057890 0.147216 0.058899
17.000000 0.105435 0.011542 0.104787 0.011528 0.132692 0.043233 0.132017 0.044079
18.000000 0.096467 0.015962 0.095932 0.015774 0.103203 0.030657 0.102507 0.030120
19.000000 0.076736 0.015548 0.076465 0.015414 0.077694 0.023443 0.077123 0.023217
20.000000 0.058558 0.010687 0.058348 0.010889 0.088051 0.025132 0.087679 0.024562
21.000000 0.050522 0.006172 0.050185 0.006485 0.094863 0.019983 0.094535 0.019734
22.000000 0.050749 0.008203 0.050288 0.007961 0.076416 0.022073 0.075987 0.021842
23.000000 0.050392 0.006817 0.049937 0.006675 0.062148 0.020031 0.061685 0.019959
24.000000 0.046920 0.005508 0.046503 0.005492 0.061139 0.014499 0.060718 0.014642
25.000000 0.038512 0.007115 0.038080 0.007106 0.056911 0.015036 0.056550 0.014991
26.000000 0.034713 0.005394 0.034300 0.005417 0.047363 0.010960 0.047142 0.010948
27.000000 0.033360 0.004472 0.032978 0.004524 0.047796 0.016573 0.047719 0.016475
28.000000 0.034850 0.005842 0.034464 0.005789 0.047501 0.013060 0.047461 0.013084
29.000000 0.031547 0.004259 0.031172 0.004125 0.038363 0.006088 0.038271 0.006113
30.000000 0.026818 0.003604 0.026538 0.003495 0.032384 0.005728 0.032247 0.005788
31.000000 0.022836 0.003656 0.022659 0.003672 0.032810 0.008527 0.032647 0.008506
32.000000 0.019335 0.002234 0.019177 0.002249 0.032557 0.007445 0.032359 0.007398
33.000000 0.019664 0.002767 0.019486 0.002743 0.029165 0.005756 0.028939 0.005711
34.000000 0.019015 0.001845 0.018849 0.001863 0.026410 0.005172 0.026190 0.005141
35.000000 0.017462 0.001990 0.017349 0.001925 0.023725 0.005816 0.023526 0.005778
36.000000 0.016107 0.003085 0.016045 0.003043 0.021456 0.002226 0.021276 0.002232
37.000000 0.013806 0.001802 0.013774 0.001786 0.020280 0.002213 0.020111 0.002170
38.000000 0.013097 0.001264 0.013096 0.001289 0.020177 0.005100 0.020020 0.005058
39.000000 0.012773 0.001532 0.012818 0.001539 0.019412 0.003606 0.019270 0.003596
40.000000 0.012005 0.000967 0.012071 0.000945 0.017112 0.002772 0.016973 0.002761
41.000000 0.011417 0.002108 0.011464 0.002146 0.016139 0.003260 0.016004 0.003263
42.000000 0.010041 0.001476 0.010075 0.001517 0.015413 0.003466 0.015297 0.003442
43.000000 0.009682 0.000921 0.009721 0.000926 0.014451 0.002010 0.014366 0.001952
44.000000 0.009070 0.001013 0.009106 0.001035 0.013812 0.002429 0.013749 0.002429
45.000000 0.008411 0.000925 0.008438 0.000932 0.013223 0.002545 0.013154 0.002516
46.000000 0.007948 0.001124 0.007960 0.001096 0.011993 0.002004 0.011904 0.001950
47.000000 0.007308 0.000724 0.007304 0.000721 0.010715 0.001273 0.010613 0.001247
48.000000 0.007040 0.000555 0.007038 0.000565 0.010734 0.001538 0.010626 0.001510
49.000000 0.006702 0.000500 0.006711 0.000495 0.010663 0.001930 0.010542 0.001884
50.000000 0.006408 0.000691 0.006424 0.000684 0.010351 0.001867 0.010221 0.001820
51.000000 0.006110 0.000836 0.006122 0.000852 0.009617 0.001732 0.009500 0.001729
52.000000 0.005707 0.000495 0.005707 0.000501 0.008881 0.001646 0.008782 0.001644
53.000000 0.005538 0.000411 0.005527 0.000408 0.008508 0.001552 0.008415 0.001539
54.000000 0.005305 0.000337 0.005300 0.000327 0.008301 0.001671 0.008206 0.001664
55.000000 0.005087 0.000542 0.005089 0.000551 0.008013 0.001459 0.007920 0.001465
56.000000 0.004864 0.000561 0.004873 0.000559 0.007657 0.001385 0.007571 0.001388
57.000000 0.004659 0.000387 0.004674 0.000386 0.007204 0.001472 0.007128 0.001487
58.000000 0.004562 0.000280 0.004576 0.000291 0.006806 0.001508 0.006735 0.001518
59.000000 0.004344 0.000322 0.004357 0.000352 0.006765 0.001240 0.006696 0.001233
60.000000 0.004177 0.000406 0.004184 0.000441 0.006698 0.001206 0.006634 0.001206
61.000000 0.003974 0.000329 0.003974 0.000340 0.006272 0.001175 0.006216 0.001181
62.000000 0.003874 0.000243 0.003878 0.000244 0.005979 0.001197 0.005929 0.001191
63.000000 0.003775 0.000266 0.003785 0.000258 0.005885 0.001320 0.005835 0.001312
64.000000 0.003663 0.000275 0.003677 0.000278 0.005687 0.001240 0.005634 0.001234
65.000000 0.003532 0.000281 0.003543 0.000286 0.005369 0.001080 0.005312 0.001067
66.000000 0.003411 0.000264 0.003417 0.000272 0.005285 0.001129 0.005227 0.001112
67.000000 0.003366 0.000240 0.003376 0.000247 0.005133 0.001164 0.005078 0.001151
68.000000 0.003311 0.000216 0.003321 0.000228 0.004880 0.001131 0.004831 0.001126
69.000000 0.003186 0.000234 0.003199 0.000246 0.004732 0.001044 0.004688 0.001043
70.000000 0.003076 0.000237 0.003092 0.000242 0.004649 0.000962 0.004609 0.000963
71.000000 0.003016 0.000241 0.003030 0.000238 0.004449 0.000947 0.004415 0.000951
72.000000 0.002993 0.000219 0.003001 0.000213 0.004330 0.001073 0.004301 0.001077
73.000000 0.002904 0.000194 0.002913 0.000194 0.004206 0.001075 0.004177 0.001076
74.000000 0.002830 0.000202 0.002841 0.000205 0.004066 0.000957 0.004035 0.000959
75.000000 0.002766 0.000210 0.002775 0.000215 0.003961 0.000932 0.003926 0.000935
76.000000 0.002733 0.000215 0.002741 0.000220 0.003874 0.000972 0.003837 0.000972
77.000000 0.002690 0.000195 0.002702 0.000201 0.003754 0.000968 0.003715 0.000966
78.000000 0.002640 0.000203 0.002650 0.000211 0.003644 0.000953 0.003606 0.000953
79.000000 0.002604 0.000233 0.002612 0.000246 0.003533 0.000911 0.003498 0.000913
80.000000 0.002604 0.000328 0.002610 0.000337 0.003446 0.000882 0.003416 0.000889
81.000000 0.002667 0.000567 0.002681 0.000593 0.003365 0.000900 0.003339 0.000909
82.000000 0.002802 0.001127 0.002810 0.001131 0.003274 0.000902 0.003252 0.000912
83.000000 0.003064 0.002042 0.003088 0.002092 0.003195 0.000894 0.003175 0.000906
84.000000 0.003350 0.003016 0.003359 0.003017 0.003118 0.000860 0.003097 0.000874
85.000000 0.003257 0.002792 0.003285 0.002847 0.003041 0.000850 0.003021 0.000865
86.000000 0.002704 0.001283 0.002714 0.001287 0.002966 0.000861 0.002947 0.000877
87.000000 0.002325 0.000308 0.002333 0.000307 0.002881 0.000851 0.002862 0.000867
88.000000 0.002546 0.001048 0.002568 0.001091 0.002817 0.000825 0.002796 0.000840
89.000000 0.002815 0.001913 0.002813 0.001881 0.002755 0.000816 0.002735 0.000830
90.000000 0.002598 0.001376 0.002625 0.001429 0.002687 0.000808 0.002668 0.000822
91.000000 0.002428 0.000975 0.002428 0.000949 0.002625 0.000806 0.002606 0.000820
92.000000 0.002604 0.001585 0.002622 0.001613 0.002567 0.000802 0.002547 0.000817
93.000000 0.002667 0.001847 0.002678 0.001848 0.002507 0.000775 0.002488 0.000791
94.000000 0.002468 0.001344 0.002488 0.001372 0.002453 0.000769 0.002436 0.000784
95.000000 0.002362 0.001126 0.002368 0.001115 0.002393 0.000763 0.002378 0.000777
96.000000 0.002288 0.000986 0.002310 0.001022 0.002337 0.000751 0.002323 0.000766
97.000000 0.002085 0.000461 0.002092 0.000451 0.002293 0.000742 0.002282 0.000758
98.000000 0.002005 0.000309 0.002017 0.000319 0.002241 0.000730 0.002230 0.000746
99.000000 0.002094 0.000634 0.002109 0.000654 0.002190 0.000723 0.002180 0.000739
100.000000 0.002075 0.000651 0.002080 0.000641 0.002147 0.000715 0.002138 0.000731
101.000000 0.002010 0.000521 0.002030 0.000554 0.002099 0.000702 0.002091 0.000719
102.000000 0.002054 0.000710 0.002059 0.000702 0.002055 0.000693 0.002047 0.000710
103.000000 0.002024 0.000672 0.002041 0.000694 0.002015 0.000684 0.002006 0.000699
104.000000 0.001876 0.000302 0.001884 0.000305 0.001971 0.000675 0.001962 0.000690
105.000000 0.001860 0.000323 0.001872 0.000331 0.001930 0.000666 0.001921 0.000681
106.000000 0.001996 0.000616 0.002007 0.000621 0.001893 0.000655 0.001885 0.000670
107.000000 0.002157 0.001127 0.002170 0.001140 0.001855 0.000647 0.001847 0.000662
108.000000 0.002490 0.002274 0.002505 0.002273 0.001816 0.000639 0.001809 0.000654
109.000000 0.003208 0.004336 0.003227 0.004370 0.001780 0.000629 0.001773 0.000644
110.000000 0.003668 0.005720 0.003684 0.005725 0.001745 0.000620 0.001737 0.000634
111.000000 0.003202 0.004595 0.003221 0.004625 0.001711 0.000611 0.001703 0.000626
112.000000 0.001992 0.001134 0.002002 0.001131 0.001677 0.000604 0.001670 0.000618
113.000000 0.001906 0.000864 0.001912 0.000852 0.001644 0.000594 0.001637 0.000609
114.000000 0.002501 0.002686 0.002515 0.002699 0.001613 0.000586 0.001606 0.000599
115.000000 0.002131 0.001677 0.002141 0.001672 0.001581 0.000578 0.001575 0.000590
116.000000 0.001773 0.000628 0.001778 0.000615 0.001551 0.000569 0.001545 0.000581
117.000000 0.002077 0.001536 0.002092 0.001544 0.001521 0.000561 0.001516 0.000574
118.000000 0.001963 0.001301 0.001970 0.001300 0.001493 0.000552 0.001487 0.000565
119.000000 0.001698 0.000603 0.001708 0.000597 0.001465 0.000545 0.001459 0.000557
120.000000 0.001800 0.000948 0.001811 0.000955 0.001437 0.000537 0.001431 0.000549
121.000000 0.001774 0.000953 0.001787 0.000955 0.001410 0.000529 0.001404 0.000540
122.000000 0.001613 0.000559 0.001623 0.000556 0.001385 0.000521 0.001379 0.000532
123.000000 0.001613 0.000580 0.001625 0.000587 0.001359 0.000513 0.001352 0.000524
124.000000 0.001650 0.000705 0.001665 0.000711 0.001334 0.000506 0.001328 0.000516
125.000000 0.001572 0.000534 0.001581 0.000536 0.001310 0.000498 0.001304 0.000509
126.000000 0.001497 0.000374 0.001513 0.000384 0.001286 0.000490 0.001280 0.000501
127.000000 0.001543 0.000514 0.001554 0.000519 0.001263 0.000483 0.001257 0.000493
128.000000 0.001534 0.000505 0.001548 0.000511 0.001240 0.000475 0.001234 0.000485
129.000000 0.001441 0.000305 0.001453 0.000312 0.001218 0.000468 0.001213 0.000478
130.000000 0.001466 0.000392 0.001482 0.000403 0.001197 0.000460 0.001191 0.000470
131.000000 0.001491 0.000468 0.001500 0.000470 0.001176 0.000453 0.001170 0.000463
132.000000 0.001421 0.000361 0.001439 0.000383 0.001155 0.000446 0.001149 0.000456
133.000000 0.001457 0.000456 0.001465 0.000453 0.001135 0.000439 0.001129 0.000449
134.000000 0.001513 0.000590 0.001530 0.000613 0.001115 0.000432 0.001109 0.000442
135.000000 0.001489 0.000693 0.001497 0.000686 0.001096 0.000426 0.001090 0.000435
136.000000 0.001564 0.000907 0.001584 0.000939 0.001077 0.000419 0.001071 0.000428
137.000000 0.001660 0.001150 0.001666 0.001140 0.001058 0.000412 0.001052 0.000421
138.000000 0.001658 0.001337 0.001680 0.001373 0.001040 0.000406 0.001034 0.000414
139.000000 0.001685 0.001416 0.001691 0.001404 0.001022 0.000399 0.001017 0.000408
140.000000 0.001635 0.001233 0.001655 0.001267 0.001005 0.000393 0.000999 0.000401
141.000000 0.001438 0.000810 0.001445 0.000801 0.000988 0.000387 0.000982 0.000395
142.000000 0.001275 0.000348 0.001291 0.000365 0.000971 0.000381 0.000965 0.000389
143.000000 0.001205 0.000207 0.001214 0.000209 0.000954 0.000374 0.000948 0.000382
144.000000 0.001188 0.000199 0.001197 0.000200 0.000938 0.000369 0.000932 0.000376
145.000000 0.001260 0.000422 0.001276 0.000440 0.000922 0.000363 0.000916 0.000371
146.000000 0.001325 0.000592 0.001332 0.000586 0.000907 0.000357 0.000901 0.000365
147.000000 0.001275 0.000541 0.001292 0.000561 0.000892 0.000352 0.000886 0.000359
148.000000 0.001191 0.000336 0.001200 0.000335 0.000877 0.000346 0.000871 0.000354
149.000000 0.001128 0.000178 0.001141 0.000186 0.000863 0.000341 0.000857 0.000348
150.000000 0.001086 0.000124 0.001098 0.000131 0.000850 0.000337 0.000844 0.000344
151.000000 0.001100 0.000184 0.001110 0.000187 0.000838 0.000334 0.000833 0.000341
152.000000 0.001147 0.000309 0.001161 0.000325 0.000832 0.000336 0.000827 0.000343
153.000000 0.001147 0.000351 0.001157 0.000351 0.000836 0.000352 0.000830 0.000357
154.000000 0.001106 0.000286 0.001120 0.000301 0.000866 0.000424 0.000861 0.000431
155.000000 0.001065 0.000183 0.001075 0.000186 0.000964 0.000697 0.000957 0.000695
156.000000 0.001028 0.000123 0.001040 0.000131 0.001218 0.001458 0.001213 0.001461
157.000000 0.001009 0.000107 0.001021 0.000114 0.001858 0.003399 0.001846 0.003376
158.000000 0.001024 0.000147 0.001032 0.000150 0.002919 0.006610 0.002910 0.006599
159.000000 0.001043 0.000195 0.001057 0.000207 0.004376 0.011015 0.004349 0.010949
160.000000 0.001046 0.000203 0.001054 0.000204 0.003427 0.008203 0.003417 0.008187
161.000000 0.001059 0.000227 0.001073 0.000238 0.001410 0.002200 0.001398 0.002177
162.000000 0.001126 0.000460 0.001134 0.000453 0.000895 0.000724 0.000887 0.000715
163.000000 0.001331 0.001127 0.001346 0.001142 0.002166 0.004524 0.002159 0.004518
164.000000 0.001822 0.002623 0.001829 0.002607 0.001695 0.003146 0.001679 0.003113
165.000000 0.002759 0.005421 0.002780 0.005454 0.000712 0.000337 0.000705 0.000336
166.000000 0.003665 0.008137 0.003672 0.008121 0.001754 0.003383 0.001749 0.003383
167.000000 0.003217 0.006820 0.003236 0.006848 0.001266 0.001957 0.001253 0.001933
168.000000 0.001403 0.001421 0.001412 0.001415 0.000793 0.000603 0.000785 0.000595
169.000000 0.001367 0.001353 0.001373 0.001344 0.001541 0.002833 0.001536 0.002834
170.000000 0.002261 0.004044 0.002276 0.004053 0.000762 0.000568 0.000755 0.000561
171.000000 0.001391 0.001361 0.001398 0.001355 0.001015 0.001323 0.001005 0.001307
172.000000 0.001423 0.001226 0.001433 0.001222 0.001029 0.001390 0.001026 0.001393
173.000000 0.002148 0.002719 0.002157 0.002718 0.000641 0.000325 0.000637 0.000329
174.000000 0.002230 0.003451 0.002250 0.003485 0.001027 0.001435 0.001016 0.001415
175.000000 0.003953 0.007856 0.003963 0.007863 0.000607 0.000284 0.000603 0.000288
176.000000 0.005364 0.012019 0.005403 0.012099 0.000864 0.001001 0.000862 0.001007
177.000000 0.003510 0.007428 0.003521 0.007430 0.000714 0.000588 0.000705 0.000577
178.000000 0.001536 0.001392 0.001542 0.001386 0.000671 0.000488 0.000663 0.000479
179.000000 0.002752 0.004811 0.002769 0.004833 0.000776 0.000796 0.000772 0.000801
180.000000 0.002656 0.003944 0.002665 0.003922 0.000571 0.000248 0.000567 0.000251
181.000000 0.002165 0.002229 0.002161 0.002212 0.000773 0.000723 0.000763 0.000710
182.000000 0.004012 0.005975 0.004043 0.006007 0.000662 0.000384 0.000660 0.000390
183.000000 0.005009 0.009939 0.005009 0.009928 0.001006 0.001095 0.001002 0.001093
184.000000 0.006469 0.011999 0.006503 0.012052 0.001431 0.002525 0.001433 0.002548
185.000000 0.005463 0.007683 0.005464 0.007667 0.002333 0.005235 0.002326 0.005232
186.000000 0.004580 0.009113 0.004610 0.009174 0.002223 0.004834 0.002232 0.004869
187.000000 0.007290 0.011274 0.007298 0.011269 0.001385 0.002588 0.001377 0.002575
188.000000 0.004312 0.005080 0.004328 0.005085 0.000599 0.000416 0.000590 0.000409
189.000000 0.003490 0.004292 0.003502 0.004288 0.001102 0.001810 0.001102 0.001822
190.000000 0.006538 0.008387 0.006561 0.008399 0.001721 0.003479 0.001715 0.003468
191.000000 0.004054 0.005724 0.004065 0.005724 0.000708 0.000649 0.000704 0.000654
192.000000 0.003246 0.003225 0.003262 0.003223 0.000708 0.000632 0.000704 0.000638
193.000000 0.002986 0.003311 0.002997 0.003296 0.001313 0.002417 0.001304 0.002401
194.000000 0.002666 0.002921 0.002669 0.002900 0.000686 0.000662 0.000686 0.000674
195.000000 0.003001 0.003113 0.003016 0.003121 0.000608 0.000411 0.000604 0.000414
196.000000 0.001909 0.001358 0.001917 0.001348 0.000989 0.001608 0.000979 0.001594
197.000000 0.002737 0.002719 0.002745 0.002709 0.000613 0.000461 0.000612 0.000468
198.000000 0.002037 0.001472 0.002052 0.001481 0.000548 0.000347 0.000545 0.000351
199.000000 0.001960 0.001503 0.001973 0.001507 0.000830 0.001137 0.000820 0.001125
