# epochs mean_loss std_loss mean_test_loss std_test_loss mean_loss_grad std_loss_grad mean_test_loss_grad std_test_loss_grad
0.000000 0.003716 0.000635 0.003699 0.000630 0.001063 0.000027 0.001048 0.000026
1.000000 0.002012 0.000597 0.002002 0.000593 0.000798 0.000130 0.000793 0.000130
2.000000 0.001333 0.000335 0.001324 0.000328 0.001415 0.000242 0.001401 0.000239
3.000000 0.000813 0.000112 0.000810 0.000111 0.000607 0.000104 0.000600 0.000101
4.000000 0.000669 0.000105 0.000668 0.000106 0.000491 0.000033 0.000487 0.000032
5.000000 0.000607 0.000065 0.000607 0.000065 0.000419 0.000029 0.000415 0.000028
6.000000 0.000540 0.000059 0.000541 0.000059 0.000402 0.000029 0.000397 0.000029
7.000000 0.000472 0.000054 0.000472 0.000053 0.000374 0.000037 0.000370 0.000036
8.000000 0.000426 0.000034 0.000427 0.000032 0.000320 0.000040 0.000318 0.000040
9.000000 0.000414 0.000031 0.000415 0.000030 0.000263 0.000039 0.000262 0.000039
10.000000 0.000392 0.000028 0.000394 0.000027 0.000213 0.000037 0.000213 0.000037
11.000000 0.000371 0.000022 0.000373 0.000022 0.000179 0.000024 0.000179 0.000024
12.000000 0.000347 0.000018 0.000349 0.000018 0.000155 0.000026 0.000156 0.000026
13.000000 0.000320 0.000025 0.000322 0.000026 0.000142 0.000025 0.000143 0.000025
14.000000 0.000296 0.000022 0.000297 0.000023 0.000113 0.000016 0.000114 0.000016
15.000000 0.000279 0.000015 0.000280 0.000016 0.000109 0.000016 0.000110 0.000017
16.000000 0.000270 0.000017 0.000271 0.000017 0.000090 0.000013 0.000091 0.000013
17.000000 0.000263 0.000016 0.000264 0.000016 0.000082 0.000015 0.000083 0.000015
18.000000 0.000250 0.000014 0.000251 0.000014 0.000075 0.000009 0.000076 0.000009
19.000000 0.000234 0.000016 0.000236 0.000016 0.000068 0.000011 0.000069 0.000011
20.000000 0.000218 0.000019 0.000220 0.000019 0.000061 0.000012 0.000062 0.000012
21.000000 0.000203 0.000018 0.000205 0.000018 0.000050 0.000008 0.000051 0.000008
22.000000 0.000192 0.000015 0.000195 0.000014 0.000045 0.000010 0.000046 0.000010
23.000000 0.000189 0.000020 0.000192 0.000020 0.000040 0.000008 0.000041 0.000008
24.000000 0.000197 0.000058 0.000201 0.000059 0.000038 0.000008 0.000039 0.000008
25.000000 0.000203 0.000072 0.000205 0.000072 0.000033 0.000004 0.000035 0.000005
26.000000 0.000204 0.000121 0.000207 0.000122 0.000030 0.000004 0.000031 0.000004
27.000000 0.000179 0.000041 0.000182 0.000042 0.000029 0.000005 0.000030 0.000005
28.000000 0.000262 0.000150 0.000266 0.000152 0.000027 0.000003 0.000028 0.000003
29.000000 0.000301 0.000276 0.000305 0.000276 0.000025 0.000003 0.000026 0.000004
30.000000 0.000264 0.000148 0.000269 0.000151 0.000022 0.000003 0.000023 0.000003
31.000000 0.000273 0.000189 0.000276 0.000189 0.000021 0.000003 0.000022 0.000003
32.000000 0.000227 0.000113 0.000230 0.000116 0.000020 0.000004 0.000021 0.000004
33.000000 0.000181 0.000050 0.000184 0.000050 0.000019 0.000003 0.000020 0.000003
34.000000 0.000168 0.000035 0.000171 0.000035 0.000017 0.000003 0.000018 0.000003
35.000000 0.000203 0.000060 0.000207 0.000061 0.000015 0.000002 0.000016 0.000003
36.000000 0.000234 0.000137 0.000237 0.000139 0.000014 0.000003 0.000015 0.000003
37.000000 0.000217 0.000137 0.000221 0.000142 0.000014 0.000003 0.000014 0.000003
38.000000 0.000168 0.000043 0.000171 0.000045 0.000012 0.000002 0.000013 0.000003
39.000000 0.000189 0.000059 0.000192 0.000058 0.000011 0.000002 0.000011 0.000002
40.000000 0.000169 0.000031 0.000172 0.000031 0.000010 0.000001 0.000010 0.000001
41.000000 0.000158 0.000028 0.000160 0.000028 0.000009 0.000002 0.000010 0.000002
42.000000 0.000159 0.000028 0.000162 0.000027 0.000009 0.000002 0.000010 0.000002
43.000000 0.000159 0.000032 0.000162 0.000031 0.000008 0.000001 0.000009 0.000001
44.000000 0.000155 0.000034 0.000158 0.000033 0.000007 0.000001 0.000008 0.000001
45.000000 0.000150 0.000032 0.000153 0.000031 0.000007 0.000001 0.000008 0.000001
46.000000 0.000147 0.000031 0.000150 0.000030 0.000007 0.000001 0.000008 0.000001
47.000000 0.000142 0.000032 0.000145 0.000031 0.000006 0.000001 0.000007 0.000001
48.000000 0.000139 0.000032 0.000143 0.000031 0.000006 0.000001 0.000007 0.000001
49.000000 0.000137 0.000033 0.000140 0.000032 0.000006 0.000001 0.000006 0.000001
50.000000 0.000132 0.000033 0.000136 0.000033 0.000005 0.000001 0.000006 0.000001
51.000000 0.000128 0.000032 0.000132 0.000032 0.000005 0.000001 0.000006 0.000001
52.000000 0.000124 0.000032 0.000128 0.000032 0.000005 0.000001 0.000006 0.000001
53.000000 0.000120 0.000032 0.000124 0.000032 0.000005 0.000001 0.000006 0.000001
54.000000 0.000116 0.000032 0.000120 0.000031 0.000004 0.000001 0.000005 0.000001
55.000000 0.000113 0.000032 0.000117 0.000031 0.000004 0.000001 0.000005 0.000001
56.000000 0.000110 0.000030 0.000114 0.000030 0.000004 0.000001 0.000005 0.000001
57.000000 0.000108 0.000029 0.000111 0.000029 0.000004 0.000001 0.000005 0.000001
58.000000 0.000106 0.000027 0.000110 0.000027 0.000004 0.000001 0.000005 0.000001
59.000000 0.000109 0.000033 0.000113 0.000033 0.000004 0.000000 0.000004 0.000000
60.000000 0.000111 0.000042 0.000115 0.000042 0.000004 0.000000 0.000004 0.000000
61.000000 0.000100 0.000027 0.000104 0.000026 0.000004 0.000000 0.000004 0.000000
62.000000 0.000093 0.000023 0.000097 0.000022 0.000003 0.000000 0.000004 0.000000
63.000000 0.000094 0.000024 0.000098 0.000024 0.000003 0.000000 0.000004 0.000000
64.000000 0.000087 0.000020 0.000091 0.000020 0.000003 0.000000 0.000004 0.000000
65.000000 0.000088 0.000019 0.000092 0.000018 0.000003 0.000000 0.000004 0.000000
66.000000 0.000088 0.000018 0.000092 0.000018 0.000003 0.000000 0.000004 0.000000
67.000000 0.000099 0.000051 0.000103 0.000052 0.000003 0.000000 0.000004 0.000000
68.000000 0.000106 0.000073 0.000111 0.000075 0.000003 0.000000 0.000004 0.000000
69.000000 0.000080 0.000015 0.000084 0.000014 0.000003 0.000000 0.000004 0.000000
70.000000 0.000087 0.000032 0.000092 0.000032 0.000003 0.000000 0.000004 0.000000
71.000000 0.000076 0.000013 0.000080 0.000012 0.000003 0.000000 0.000004 0.000000
72.000000 0.000079 0.000022 0.000084 0.000022 0.000003 0.000000 0.000004 0.000000
73.000000 0.000075 0.000014 0.000079 0.000013 0.000003 0.000000 0.000004 0.000000
74.000000 0.000074 0.000015 0.000078 0.000015 0.000003 0.000001 0.000004 0.000001
75.000000 0.000073 0.000016 0.000077 0.000016 0.000003 0.000001 0.000004 0.000001
76.000000 0.000070 0.000012 0.000075 0.000012 0.000003 0.000002 0.000004 0.000002
77.000000 0.000070 0.000015 0.000074 0.000015 0.000003 0.000002 0.000004 0.000002
78.000000 0.000071 0.000016 0.000075 0.000016 0.000003 0.000001 0.000004 0.000001
79.000000 0.000070 0.000014 0.000074 0.000014 0.000002 0.000000 0.000003 0.000000
80.000000 0.000072 0.000020 0.000076 0.000020 0.000002 0.000000 0.000003 0.000000
81.000000 0.000072 0.000021 0.000076 0.000021 0.000003 0.000001 0.000003 0.000001
82.000000 0.000065 0.000012 0.000069 0.000012 0.000003 0.000001 0.000004 0.000001
83.000000 0.000063 0.000010 0.000068 0.000010 0.000002 0.000000 0.000003 0.000000
84.000000 0.000065 0.000013 0.000069 0.000012 0.000002 0.000000 0.000003 0.000000
85.000000 0.000061 0.000010 0.000065 0.000010 0.000002 0.000000 0.000003 0.000000
86.000000 0.000061 0.000009 0.000065 0.000008 0.000002 0.000001 0.000003 0.000001
87.000000 0.000059 0.000008 0.000064 0.000008 0.000003 0.000001 0.000003 0.000001
88.000000 0.000059 0.000008 0.000063 0.000008 0.000002 0.000000 0.000003 0.000000
89.000000 0.000058 0.000007 0.000062 0.000006 0.000002 0.000001 0.000003 0.000001
90.000000 0.000056 0.000006 0.000061 0.000006 0.000003 0.000001 0.000003 0.000001
91.000000 0.000056 0.000006 0.000061 0.000006 0.000003 0.000002 0.000004 0.000002
92.000000 0.000055 0.000005 0.000059 0.000005 0.000003 0.000002 0.000004 0.000002
93.000000 0.000055 0.000005 0.000059 0.000005 0.000003 0.000002 0.000004 0.000002
94.000000 0.000053 0.000005 0.000058 0.000005 0.000003 0.000003 0.000004 0.000003
95.000000 0.000053 0.000005 0.000057 0.000005 0.000003 0.000003 0.000004 0.000003
96.000000 0.000052 0.000004 0.000056 0.000004 0.000003 0.000003 0.000004 0.000003
97.000000 0.000052 0.000004 0.000056 0.000004 0.000002 0.000001 0.000003 0.000001
98.000000 0.000051 0.000004 0.000055 0.000004 0.000002 0.000001 0.000003 0.000001
99.000000 0.000050 0.000004 0.000055 0.000004 0.000003 0.000002 0.000004 0.000002
100.000000 0.000050 0.000004 0.000054 0.000004 0.000003 0.000001 0.000003 0.000001
101.000000 0.000049 0.000004 0.000054 0.000004 0.000002 0.000001 0.000003 0.000001
102.000000 0.000049 0.000004 0.000053 0.000004 0.000002 0.000000 0.000003 0.000000
103.000000 0.000048 0.000004 0.000053 0.000004 0.000002 0.000001 0.000003 0.000001
104.000000 0.000049 0.000003 0.000053 0.000003 0.000003 0.000001 0.000003 0.000001
105.000000 0.000050 0.000008 0.000055 0.000009 0.000002 0.000000 0.000003 0.000000
106.000000 0.000054 0.000019 0.000058 0.000020 0.000002 0.000000 0.000003 0.000000
107.000000 0.000055 0.000025 0.000060 0.000026 0.000002 0.000001 0.000003 0.000001
108.000000 0.000049 0.000009 0.000053 0.000009 0.000002 0.000001 0.000003 0.000001
109.000000 0.000046 0.000004 0.000051 0.000004 0.000002 0.000000 0.000003 0.000000
110.000000 0.000048 0.000010 0.000053 0.000010 0.000002 0.000000 0.000003 0.000000
111.000000 0.000045 0.000004 0.000050 0.000004 0.000002 0.000000 0.000003 0.000000
112.000000 0.000046 0.000007 0.000051 0.000007 0.000002 0.000001 0.000003 0.000001
113.000000 0.000044 0.000004 0.000049 0.000004 0.000002 0.000000 0.000003 0.000000
114.000000 0.000045 0.000006 0.000049 0.000006 0.000002 0.000000 0.000003 0.000000
115.000000 0.000043 0.000004 0.000047 0.000004 0.000002 0.000000 0.000003 0.000000
116.000000 0.000043 0.000005 0.000048 0.000005 0.000002 0.000000 0.000003 0.000000
117.000000 0.000042 0.000004 0.000046 0.000004 0.000002 0.000001 0.000003 0.000001
118.000000 0.000042 0.000004 0.000046 0.000004 0.000002 0.000002 0.000003 0.000002
119.000000 0.000041 0.000004 0.000045 0.000004 0.000003 0.000003 0.000004 0.000003
120.000000 0.000041 0.000004 0.000045 0.000004 0.000004 0.000006 0.000005 0.000006
121.000000 0.000040 0.000004 0.000044 0.000004 0.000003 0.000002 0.000003 0.000002
122.000000 0.000040 0.000004 0.000044 0.000004 0.000002 0.000000 0.000003 0.000000
123.000000 0.000039 0.000004 0.000043 0.000005 0.000002 0.000000 0.000003 0.000000
124.000000 0.000039 0.000004 0.000043 0.000005 0.000002 0.000002 0.000003 0.000002
125.000000 0.000038 0.000005 0.000042 0.000005 0.000003 0.000003 0.000003 0.000003
126.000000 0.000038 0.000004 0.000042 0.000005 0.000002 0.000001 0.000003 0.000001
127.000000 0.000037 0.000005 0.000041 0.000005 0.000002 0.000000 0.000003 0.000000
128.000000 0.000036 0.000005 0.000041 0.000005 0.000002 0.000002 0.000003 0.000002
129.000000 0.000036 0.000005 0.000040 0.000005 0.000002 0.000001 0.000003 0.000001
130.000000 0.000035 0.000005 0.000039 0.000005 0.000002 0.000000 0.000003 0.000000
131.000000 0.000035 0.000005 0.000039 0.000005 0.000002 0.000000 0.000003 0.000000
132.000000 0.000034 0.000005 0.000038 0.000005 0.000002 0.000001 0.000003 0.000001
133.000000 0.000034 0.000005 0.000038 0.000005 0.000002 0.000001 0.000003 0.000001
134.000000 0.000034 0.000005 0.000038 0.000005 0.000002 0.000001 0.000003 0.000001
135.000000 0.000034 0.000004 0.000038 0.000005 0.000002 0.000002 0.000003 0.000001
136.000000 0.000036 0.000008 0.000040 0.000008 0.000003 0.000003 0.000004 0.000003
137.000000 0.000040 0.000020 0.000044 0.000020 0.000003 0.000004 0.000004 0.000003
138.000000 0.000045 0.000032 0.000049 0.000032 0.000003 0.000005 0.000004 0.000005
139.000000 0.000045 0.000025 0.000049 0.000025 0.000002 0.000001 0.000003 0.000001
140.000000 0.000045 0.000038 0.000049 0.000039 0.000002 0.000000 0.000003 0.000000
141.000000 0.000048 0.000035 0.000052 0.000036 0.000002 0.000001 0.000003 0.000001
142.000000 0.000036 0.000009 0.000040 0.000009 0.000002 0.000002 0.000003 0.000002
143.000000 0.000040 0.000017 0.000044 0.000017 0.000003 0.000002 0.000003 0.000002
144.000000 0.000036 0.000011 0.000040 0.000011 0.000002 0.000001 0.000003 0.000001
145.000000 0.000034 0.000010 0.000038 0.000010 0.000002 0.000001 0.000003 0.000001
146.000000 0.000034 0.000009 0.000038 0.000009 0.000003 0.000003 0.000004 0.000003
147.000000 0.000033 0.000009 0.000036 0.000009 0.000004 0.000006 0.000005 0.000006
148.000000 0.000034 0.000009 0.000037 0.000009 0.000004 0.000005 0.000005 0.000005
149.000000 0.000036 0.000019 0.000040 0.000019 0.000004 0.000005 0.000004 0.000005
150.000000 0.000039 0.000030 0.000043 0.000030 0.000003 0.000002 0.000003 0.000002
151.000000 0.000034 0.000016 0.000037 0.000016 0.000003 0.000001 0.000003 0.000001
152.000000 0.000030 0.000006 0.000033 0.000006 0.000003 0.000004 0.000004 0.000004
153.000000 0.000031 0.000012 0.000035 0.000012 0.000003 0.000002 0.000003 0.000002
154.000000 0.000032 0.000010 0.000036 0.000010 0.000002 0.000002 0.000003 0.000002
155.000000 0.000030 0.000010 0.000034 0.000010 0.000004 0.000005 0.000004 0.000005
156.000000 0.000029 0.000008 0.000032 0.000008 0.000004 0.000004 0.000005 0.000004
157.000000 0.000027 0.000006 0.000030 0.000006 0.000005 0.000006 0.000005 0.000006
158.000000 0.000027 0.000007 0.000030 0.000007 0.000003 0.000002 0.000004 0.000002
159.000000 0.000027 0.000007 0.000030 0.000007 0.000003 0.000003 0.000004 0.000003
160.000000 0.000030 0.000014 0.000033 0.000014 0.000006 0.000008 0.000006 0.000008
161.000000 0.000032 0.000027 0.000036 0.000028 0.000004 0.000004 0.000005 0.000004
162.000000 0.000035 0.000031 0.000039 0.000032 0.000002 0.000002 0.000003 0.000002
163.000000 0.000026 0.000007 0.000029 0.000007 0.000002 0.000001 0.000003 0.000001
164.000000 0.000029 0.000011 0.000032 0.000011 0.000003 0.000002 0.000004 0.000002
165.000000 0.000034 0.000020 0.000037 0.000020 0.000004 0.000005 0.000005 0.000005
166.000000 0.000033 0.000021 0.000037 0.000022 0.000002 0.000001 0.000003 0.000001
167.000000 0.000034 0.000023 0.000037 0.000023 0.000002 0.000001 0.000003 0.000001
168.000000 0.000028 0.000014 0.000032 0.000014 0.000003 0.000003 0.000004 0.000003
169.000000 0.000027 0.000011 0.000031 0.000011 0.000002 0.000001 0.000003 0.000001
170.000000 0.000026 0.000011 0.000029 0.000011 0.000002 0.000000 0.000002 0.000000
171.000000 0.000029 0.000013 0.000032 0.000013 0.000002 0.000001 0.000003 0.000001
172.000000 0.000022 0.000007 0.000025 0.000007 0.000002 0.000001 0.000003 0.000001
173.000000 0.000024 0.000009 0.000027 0.000009 0.000002 0.000001 0.000003 0.000001
174.000000 0.000021 0.000006 0.000024 0.000006 0.000002 0.000001 0.000003 0.000001
175.000000 0.000020 0.000005 0.000023 0.000005 0.000003 0.000002 0.000003 0.000002
176.000000 0.000021 0.000007 0.000024 0.000007 0.000003 0.000002 0.000003 0.000002
177.000000 0.000019 0.000004 0.000021 0.000005 0.000003 0.000003 0.000003 0.000003
178.000000 0.000020 0.000006 0.000022 0.000006 0.000002 0.000002 0.000003 0.000002
179.000000 0.000019 0.000006 0.000022 0.000007 0.000002 0.000001 0.000003 0.000001
180.000000 0.000025 0.000018 0.000027 0.000018 0.000002 0.000001 0.000003 0.000001
181.000000 0.000038 0.000058 0.000041 0.000059 0.000002 0.000002 0.000003 0.000002
182.000000 0.000056 0.000099 0.000059 0.000101 0.000004 0.000005 0.000005 0.000005
183.000000 0.000034 0.000037 0.000037 0.000038 0.000004 0.000006 0.000005 0.000006
184.000000 0.000035 0.000042 0.000038 0.000043 0.000005 0.000009 0.000006 0.000009
185.000000 0.000022 0.000020 0.000025 0.000021 0.000002 0.000002 0.000003 0.000002
186.000000 0.000030 0.000036 0.000032 0.000037 0.000002 0.000001 0.000003 0.000001
187.000000 0.000023 0.000019 0.000025 0.000019 0.000003 0.000005 0.000004 0.000005
188.000000 0.000020 0.000019 0.000023 0.000019 0.000002 0.000002 0.000003 0.000002
189.000000 0.000024 0.000024 0.000026 0.000024 0.000002 0.000001 0.000003 0.000001
190.000000 0.000017 0.000013 0.000020 0.000013 0.000002 0.000001 0.000003 0.000001
191.000000 0.000018 0.000013 0.000021 0.000013 0.000002 0.000002 0.000003 0.000002
192.000000 0.000017 0.000014 0.000020 0.000015 0.000003 0.000003 0.000004 0.000003
193.000000 0.000018 0.000014 0.000020 0.000014 0.000003 0.000004 0.000004 0.000004
194.000000 0.000015 0.000008 0.000018 0.000009 0.000005 0.000010 0.000006 0.000010
195.000000 0.000016 0.000010 0.000018 0.000011 0.000003 0.000004 0.000004 0.000004
196.000000 0.000016 0.000011 0.000018 0.000011 0.000002 0.000000 0.000003 0.000000
197.000000 0.000016 0.000011 0.000018 0.000011 0.000002 0.000001 0.000003 0.000001
198.000000 0.000014 0.000008 0.000017 0.000009 0.000003 0.000003 0.000004 0.000003
199.000000 0.000014 0.000007 0.000016 0.000008 0.000003 0.000004 0.000004 0.000003
